-262 -893
-686 -411
369 719
316 -339
579 -857
584 -815
351 -307
-364 899
947 519
-494 -64
160 -524
501 -781
917 -419
-191 -715
-104 197
-860 881
-191 493
-586 824
912 -117
874 670
216 -133
-921 1000
-773 65
644 846
-950 459
-88 521
570 923
224 512
-360 -438
893 187
95 -210
-567 -795
-727 -337
-306 901
-148 737
-538 941
756 901
293 -863
-626 -493
-530 1000
105 -916
-786 -102
-194 -12
683 -530
-748 -686
-493 -441
709 224
348 877
-167 147
517 30
-24 511
-919 -695
-184 761
-404 -726
-367 -412
-490 -569
298 430
406 -503
-807 167
-312 -175
840 142
-326 -909
-34 618
786 -600
802 -80
-383 -356
240 695
22 -542
17 -226
394 -869
-326 -640
925 -282
979 807
-661 -501
914 637
-973 -580
961 268
714 -155
198 495
-365 -223
-555 135
-662 -169
674 -64
363 -167
100 -692
60 -165
-422 554
417 -58
85 -574
-119 232
-366 -468
823 -995
-695 676
978 771
357 551
891 917
-621 -805
214 817
-726 966
-815 86
411 558
639 703
-528 927
-205 440
-113 741
866 136
665 -682
-577 -206
-330 203
670 -133
-996 -379
628 -593
593 595
-125 -617
249 393
-89 473
315 104
89 -122
8 -422
908 366
-786 904
-41 736
773 197
54 353
-258 -166
659 549
570 415
31 -977
-428 -696
-21 770
710 -257
1000 -226
-41 -851
-42 -593
767 -799
-249 -869
945 925
493 -793
-644 602
-205 -749
276 -784
28 -714
603 -987
-246 -784
-497 -42
88 -303
888 -695
773 497
-604 -50
355 156
377 -211
-988 -70
223 166
-875 868
594 298
-152 564
415 521
272 836
404 -522
650 61
475 -872
275 -37
-285 806
-171 -190
538 196
366 -111
-601 -20
879 -151
110 626
565 -91
-362 530
326 -200
786 515
-305 -714
-768 93
-228 -505
-135 -676
-210 -228
-120 567
24 828
14 573
-14 53
-274 -436
967 -87
-719 -916
-71 913
555 642
55 370
-177 135
425 -659
944 -985
-29 -235
131 -563
143 246
673 342
51 -202
-613 285
464 374
532 616
30 -518
-528 566
659 352
-948 -729
419 -851
540 609
800 -947
731 -155
-853 -770
578 -664
224 -769
808 -701
-684 378
-872 -349
-839 670
-903 -482
272 -152
808 864
61 -468
-778 823
204 436
-349 -273
643 915
390 -665
-299 777
-427 988
-140 -384
728 845
940 -654
-902 906
-38 -170
-977 591
67 17
330 944
-520 799
-718 -310
-195 -835
453 -14
455 -203
-612 166
-192 844
824 883
799 199
477 996
-967 -800
-393 -932
-810 -3
-297 970
403 589
972 525
-900 -614
-871 392
-141 332
-945 920
-59 -225
262 -958
755 641
144 -383
572 -835
333 997
-905 77
-359 -15
879 334
-483 -567
342 -107
204 125
384 -283
-422 613
740 825
-105 401
735 244
-986 685
228 -876
898 -78
-767 -728
833 -134
577 -565
-716 532
198 594
312 -349
-187 -210
-335 512
-439 769
-393 -301
-836 504
-162 -474
-887 968
-402 101
-846 373
-709 551
381 -997
717 8
241 19
-593 -146
-427 706
259 -438
-723 -632
870 621
-447 750
-225 367
-131 82
