625 234
10 369
-276 899
-526 553
125 -5
-87 507
993 223
675 402
-119 -689
35 82
27 -657
-123 -212
-64 -988
763 -938
291 -255
134 308
658 -425
515 726
-896 803
-944 691
725 -391
130 -219
-279 -888
-398 712
555 529
558 7
-2 -165
-608 989
14 769
230 424
332 10
355 850
-98 425
-520 335
-629 -237
289 -478
-531 886
218 -18
38 -110
732 -470
-234 -763
269 -973
101 665
-438 341
301 204
622 499
430 824
715 -45
-504 760
104 147
-846 -532
-952 -443
-523 -624
245 -15
-526 -175
-491 -403
696 -949
354 402
844 -66
974 -908
655 -139
626 315
-246 498
556 215
-271 -910
366 -634
761 -34
-742 -723
-7 -688
-557 -8
114 -179
-113 -82
-704 -663
289 -310
652 298
-340 -170
232 119
135 -939
-809 -930
-356 956
-211 686
969 92
-624 -126
-126 286
-201 832
161 53
-837 -929
210 369
294 -644
-690 -152
-608 291
101 422
-283 96
-380 903
-957 -59
341 909
-755 96
-568 93
-213 -411
-18 -691
985 -927
-556 385
214 464
775 766
138 170
-716 -266
-215 410
-589 -457
-426 -283
545 -557
883 51
853 -882
-943 742
957 -979
740 -833
561 297
665 -42
-304 907
-794 -365
196 370
-115 566
-949 963
-40 -993
185 -7
-642 319
311 -932
-540 76
28 982
508 -294
-263 -172
62 -772
150 778
-549 -338
-71 766
-543 -99
543 522
-438 -657
81 948
192 -262
-432 -393
946 -899
-226 -521
-761 -697
-529 600
-489 -934
218 -464
161 -347
675 -945
-413 -219
-963 268
117 -71
-304 297
751 -807
-979 -564
-273 445
-228 -603
-787 556
1000 157
-21 -306
-226 792
-767 -305
615 474
521 -206
12 115
-95 218
888 -202
-732 -553
-681 -889
512 -71
943 -933
-1000 -746
822 243
-981 -475
890 -900
948 -315
-934 237
197 693
-901 139
293 590
815 -287
958 750
-477 867
-291 25
-820 -187
-877 960
382 -961
224 664
932 283
95 855
-741 -931
940 -443
-914 414
469 480
-510 -510
-568 21
327 -677
-548 264
-806 403
-297 200
-564 302
-705 296
-934 -700
-36 -55
99 157
-166 162
-675 788
533 734
-566 448
935 -691
-737 918
-596 403
-159 -150
548 906
907 620
556 -353
-101 9
281 414
-483 -507
276 -871
872 -552
-427 -599
-810 351
-385 -636
-504 -223
-490 -207
-902 437
-393 -286
920 -197
-476 -909
212 -337
588 -883
821 855
969 -866
-370 104
-89 171
176 -764
2 -892
815 753
-292 720
970 521
357 144
-337 -776
-128 446
-889 -459
418 420
-754 352
-798 302
-305 -573
217 -399
-50 820
648 537
631 848
-495 -292
690 -610
799 742
529 447
-967 236
-170 933
-465 658
244 -565
111 40
-980 180
-726 556
-484 326
978 -361
-301 911
-619 -896
-62 -775
-96 -452
-916 724
-218 -900
589 -588
-905 -837
-338 -895
-422 -356
822 -714
870 755
592 -164
-802 -47
-790 -24
506 491
-409 -314
317 420
-378 580
403 646
-199 -551
741 -159
-870 -482
-387 192
112 665
-735 -165
-1 -710
-26 -267
-479 819
-698 864
-54 -755
358 -81
-206 -137
-177 573
410 815
