965 -707
-356 -532
-399 -139
-797 363
186 -232
-463 243
420 -227
356 -733
-367 990
-208 -226
-951 322
235 95
-34 953
818 814
-228 -491
-710 827
308 312
-823 -639
616 -594
-499 306
383 -766
347 466
75 -944
615 230
-864 -259
-634 394
-166 95
-570 -355
248 -805
-478 -245
242 -434
-672 -121
-703 -228
113 -626
908 -469
-693 -871
-17 683
-355 885
-81 650
-315 -853
35 -450
17 885
-884 676
-60 328
-884 -480
677 827
-84 -190
373 -995
-82 149
947 -471
547 833
-344 587
-836 362
-871 -244
-57 -826
-804 -493
908 -718
-900 238
159 804
-243 -285
-334 -319
22 -532
109 -844
-78 945
-757 94
-902 569
-718 884
-20 205
75 439
-766 639
-414 -744
-750 534
-625 -855
943 -218
-440 -308
-95 -922
205 -382
-317 673
329 657
-292 152
885 -359
917 -110
472 -488
413 259
280 560
490 -537
-125 -507
22 -267
-317 923
544 -268
-465 933
196 -895
322 -752
-211 -516
-736 -358
618 -243
331 -388
-113 -548
-363 565
490 912
32 824
-764 76
325 979
898 564
317 -950
-491 -743
340 -505
228 -791
654 -829
-883 -856
600 906
-549 613
-334 136
261 358
659 432
826 -484
527 -323
-530 491
-372 -38
62 851
714 106
-622 -997
4 692
968 784
-236 802
89 -33
210 109
-383 -762
-29 849
-518 -668
725 313
-917 -463
331 725
266 -265
538 -743
517 578
-452 734
977 942
-746 -544
665 979
-22 214
205 -439
114 -122
-827 -675
-450 636
-241 -857
-66 -597
788 -841
979 664
-880 -630
203 -9
-589 -757
-8 -117
400 -376
-571 45
940 475
-15 891
-369 -234
-819 -211
392 445
528 823
-557 907
898 615
434 -82
623 -243
-940 -607
-136 153
-682 -653
-13 -865
334 988
-319 939
-135 672
-653 -668
636 -987
531 801
-172 -386
563 -210
-351 807
-82 -165
-802 -72
184 -362
-211 -578
-103 831
738 -854
228 177
18 819
690 218
-698 419
237 495
851 579
-945 711
419 365
-35 -88
-321 -571
-446 62
844 -685
237 -337
-85 120
123 641
-74 651
257 111
6 -916
-828 -996
719 -482
-75 364
-50 -684
184 -846
32 731
619 595
-891 864
-844 928
-429 -760
370 -303
883 -854
627 496
4 -226
-773 -264
-775 -536
-71 -711
-491 569
154 -337
-439 736
90 -446
-463 560
-605 -377
595 96
-489 -798
-949 -780
-834 118
630 -330
776 -698
407 385
-15 385
708 662
-509 369
328 -362
460 129
463 -988
861 536
130 -183
433 -617
190 -38
-836 609
174 396
-19 -633
-507 -455
-814 543
704 -998
-286 -422
514 -190
74 976
-853 626
-822 861
207 542
-348 771
-376 -281
788 452
-1000 853
516 469
-423 -268
238 238
-76 -250
806 636
-39 -923
-19 -841
-977 -796
328 -904
-288 89
-659 986
46 657
5 840
433 545
639 -244
151 378
-934 -607
-318 582
-696 -625
967 -206
-790 -837
-659 104
627 -44
-240 324
774 97
100 -616
-95 -766
632 787
-398 -122
-984 -314
139 935
278 -434
-932 -17
-178 -263
-17 -649
-7 -781
-581 -439
736 -901
-877 142
480 679
-800 -819
-942 -981
