-157 -121
300 -280
-392 327
-122 178
-165 -480
-985 903
564 -943
121 613
815 158
-573 -64
-348 -408
590 -86
743 737
370 423
520 981
919 727
-333 888
109 -84
455 -696
-301 -971
-371 419
-315 529
-353 -902
825 -791
-317 -454
-85 -100
-432 -815
-810 -144
222 -907
-609 476
423 944
434 123
379 208
-312 -97
-43 -773
285 745
379 -794
-191 101
-527 -756
517 -63
966 526
46 -132
262 -685
-956 -984
892 262
814 831
-810 469
-358 -361
588 840
-481 -220
954 735
276 -145
-76 852
677 -645
493 -941
-450 115
-821 629
-255 587
-399 -959
297 992
578 -811
581 335
-374 -108
140 -812
-821 -732
-770 8
-509 -170
989 994
-217 -826
463 -171
402 -387
-262 -223
431 994
36 -817
130 -370
783 -770
-922 683
-838 536
727 605
297 495
-549 337
709 782
173 522
876 -459
-883 -844
-203 700
308 -884
-234 319
258 -349
-788 770
-299 796
-679 -42
130 -664
-709 -71
-814 888
-907 -509
484 -86
516 -559
228 -620
526 180
-202 -157
-429 -906
662 -317
-249 483
294 -329
750 -309
165 894
204 -580
-307 -327
-308 -612
-31 811
-280 -252
927 -481
-254 -611
184 938
-370 577
-626 513
-434 -926
-672 -191
767 -766
238 -148
209 491
802 -667
-66 -880
788 -126
-703 26
601 -447
774 278
-879 -713
596 -897
976 648
161 -877
109 -234
-207 376
-258 831
-202 -675
435 390
66 223
-781 169
-916 -591
-715 -139
-766 -476
44 592
338 988
-781 897
-996 153
-868 -217
731 984
796 -685
-392 -863
-790 -668
927 276
671 -654
-18 731
-917 -298
234 -337
782 438
541 814
117 -98
987 -646
-741 209
-406 -638
-653 -424
327 407
-65 -235
-825 213
-249 681
142 -405
369 117
-245 -267
573 -160
-100 -856
-363 -852
-69 144
783 68
-882 810
-88 370
-908 657
803 751
-285 453
346 288
411 763
-54 -162
485 61
751 611
-678 -854
-175 -352
280 349
496 945
42 645
-180 -766
795 399
496 254
-313 -36
-283 759
376 -22
-67 634
875 898
-832 -755
569 -122
62 865
-842 638
-924 78
843 -92
-230 368
-430 329
49 790
119 -249
814 -573
38 129
189 573
530 -802
500 -942
604 931
898 786
-599 665
979 173
-650 252
940 -235
70 645
-191 873
-501 817
938 925
11 214
-943 -1000
926 812
-878 -252
-435 -848
316 -933
-766 612
774 282
921 22
-835 688
-636 926
-908 507
719 724
-528 162
179 -528
468 -366
-875 523
843 -798
-723 78
-564 873
142 226
403 947
-467 -896
43 515
-367 366
144 -736
570 697
-428 695
-160 -419
717 324
-623 -229
-880 747
-649 -891
-522 530
-108 477
-506 653
423 735
-539 -288
872 -273
990 -978
-315 -676
612 732
-325 816
837 -318
-426 -799
742 -944
-842 -658
364 -404
389 530
-610 540
-198 512
18 -963
-438 930
752 -845
252 -196
919 117
684 -345
-302 -292
394 -883
-439 998
806 -510
704 -965
511 443
763 -708
-969 -531
-901 43
696 382
57 181
-63 -77
203 -609
-70 144
-770 154
-290 778
-870 -662
-186 170
50 -780
691 -371
