-137 -417
-951 632
554 -26
-443 963
-922 137
475 243
-749 111
-153 -973
193 358
877 945
-401 205
860 -761
288 -902
7 244
230 -598
-112 -615
-124 -101
-124 -634
845 -356
-367 101
484 274
117 -530
-765 424
962 909
319 357
943 287
265 598
919 669
325 276
733 -852
983 -331
-870 98
68 33
206 876
-838 -590
-801 -255
-937 787
477 996
434 893
484 623
-453 592
915 966
-249 -1
39 25
394 -301
652 -675
-80 -140
-231 -288
572 681
80 585
-726 -85
305 229
675 -17
46 40
-812 -437
-879 10
904 -706
803 -203
868 -753
214 -478
487 722
-131 -129
-455 -132
35 -572
369 35
197 -957
-120 -46
880 -215
-179 281
-424 -369
543 -607
984 -804
248 423
259 -53
334 796
795 845
722 -312
-999 -437
-742 -77
709 96
345 -569
583 524
-915 414
89 671
231 -781
89 111
159 912
-17 -40
-343 122
69 371
-182 838
145 -283
-121 74
-714 -100
-56 557
602 -26
-707 -28
-449 -155
-887 374
97 -209
376 942
319 593
-887 -351
39 906
-199 -513
173 749
875 -168
134 892
-781 -934
-302 -509
-972 -285
-168 545
350 432
942 587
174 -282
850 1
436 -34
388 -116
-707 -849
514 -507
-33 -732
303 494
974 -311
-466 -512
-20 -345
-517 983
-835 -328
-980 14
94 767
-904 -324
-101 392
822 718
108 -316
-624 156
-705 302
713 -377
-317 -444
251 -808
787 -149
-904 -461
533 -296
234 644
22 360
-553 -343
338 -724
130 483
278 450
-278 380
939 -989
602 951
-884 74
-508 -797
-626 -125
570 726
937 441
-937 870
415 445
-760 -911
332 936
548 353
-420 304
-452 -920
-43 505
-834 285
-15 -464
-453 112
561 -450
112 -383
329 -792
-944 850
-108 270
-59 -323
829 -612
918 471
-762 167
-209 -801
823 595
458 477
-580 453
-973 -912
-465 513
-299 751
804 586
11 814
549 876
729 -543
396 -876
-329 762
-593 984
721 791
-787 368
-551 795
46 -886
-85 433
-167 -574
-725 809
-137 -247
186 -759
-528 52
-246 -661
-202 -250
813 -380
262 -897
-850 969
-176 131
427 134
47 -13
-401 -658
-100 -965
-361 -463
-894 801
739 684
430 -661
127 534
-668 701
475 -782
-977 -124
258 -30
645 -71
-288 824
741 -870
868 -755
826 -479
744 -537
405 -549
888 169
-813 -537
-355 -530
-289 -124
-98 -669
914 -793
249 161
853 -822
898 -877
499 -87
-83 192
-708 -210
989 436
-477 -311
317 154
220 -165
912 -149
-783 269
-778 213
-305 601
-686 462
795 -931
283 -222
-972 -547
-352 -156
-367 -801
-336 368
-869 440
286 -473
559 -86
332 225
-398 -764
131 -196
261 790
370 285
158 676
-916 526
-514 261
-391 288
448 830
502 602
845 -19
894 -631
405 786
654 -318
-800 423
817 818
108 231
-578 -1
-266 758
-569 718
695 -160
-530 -960
-446 -4
-953 -859
32 33
19 -611
489 -256
-785 730
-890 273
-213 -144
-80 402
-604 -864
94 -913
-61 265
648 962
574 400
-242 -290
983 -896
-715 -926
-444 -617
674 127
269 735
-975 993
-89 -998
