-650 111
240 748
497 -147
-427 -49
950 436
-683 307
281 903
-636 80
-680 -111
-393 737
-505 -981
46 359
-635 -636
-323 813
-169 178
903 916
293 -682
-588 592
-986 406
76 -968
607 370
-507 304
-672 -443
711 -216
-405 275
337 629
287 456
-996 -997
-365 344
450 -826
-519 420
-508 -381
236 17
118 276
264 366
-126 -4
-941 -558
917 732
789 826
475 -571
704 417
-419 104
412 641
-550 -204
94 256
-924 684
-697 -719
851 -173
740 -70
26 -247
435 -897
-275 -503
-173 641
-808 -720
-708 -105
-967 58
304 -773
85 -754
-592 341
-553 -586
521 887
-858 -387
-444 -639
-459 926
156 136
66 -910
36 220
475 277
607 139
896 401
298 629
122 809
584 -219
-109 -371
-600 826
-786 234
-448 -998
100 -649
379 71
-266 -565
-678 492
182 652
609 -262
138 -478
-599 113
-718 167
-759 326
-901 -561
-220 428
-313 -842
58 329
-986 295
951 620
161 -223
-202 787
421 508
-783 -822
328 442
494 -752
449 -828
-345 -156
-826 831
201 632
351 458
-823 -599
-247 737
503 521
160 567
-165 -347
-664 743
-556 -63
169 437
569 -542
-135 913
417 134
-836 -757
100 469
113 -812
-981 -99
-164 929
-672 509
732 -771
-626 67
46 726
-202 838
-275 -555
-720 7
-459 -783
726 526
151 -666
952 694
711 505
529 -215
-435 -273
-224 182
887 290
778 -669
430 -129
167 -886
-834 757
-42 62
921 -85
-229 -462
-855 942
266 -35
-356 905
983 -946
-366 -301
-625 314
-762 -211
-149 890
342 17
-398 -67
328 742
-606 -502
-357 -996
755 -217
-947 -156
-8 -604
24 714
195 742
603 -216
878 898
-98 142
726 901
973 841
-477 -492
-676 487
759 493
-366 970
717 665
637 -740
-993 850
697 -814
-751 989
849 -939
-68 -52
-402 357
752 404
883 -698
-589 250
-443 175
140 -776
438 -468
373 992
476 -689
777 -749
-218 -689
329 813
482 741
186 867
-142 306
229 -409
95 -265
-105 -576
806 897
426 -840
-744 -604
-802 893
-107 -212
-805 -741
-995 -53
-857 -712
61 -526
134 -594
-248 977
961 768
-702 533
-899 -335
-307 630
-85 -523
897 -34
562 -45
185 174
446 -474
-612 918
-476 68
-440 355
-15 150
854 -236
826 664
-890 -52
-430 -678
171 148
-851 -115
602 -48
343 321
734 -592
-25 786
567 -20
904 -873
-80 -718
391 231
733 -684
-812 991
-323 248
-185 -707
-964 -201
501 190
-332 -192
468 907
780 -821
548 -135
761 -987
187 -199
89 802
82 189
-714 -901
-108 117
668 -146
942 444
-803 -78
283 -253
-942 459
149 530
-588 619
-842 -513
-957 -383
-972 723
-780 -971
241 260
621 627
-753 -419
345 935
337 332
491 -427
756 -102
-498 -753
312 -359
442 -950
-16 676
-633 -747
166 -921
-794 -371
275 -455
-364 599
909 -285
580 -929
506 659
620 -652
783 115
-895 -623
-659 246
778 663
-976 -978
58 233
106 748
910 -703
-299 569
847 -742
-667 253
-340 743
-676 -898
345 -695
-524 851
-664 -488
269 928
-772 -801
-904 -952
-449 -965
