918 616
390 267
551 -337
144 121
962 -856
-960 699
-551 966
220 567
-81 749
221 981
-210 255
879 366
-130 -686
-888 -625
-629 -525
951 638
-904 883
-241 117
-940 -196
-63 903
-270 74
376 175
-678 -94
60 829
-320 774
272 642
-208 -772
-762 517
689 295
808 336
-435 -754
-792 -856
-275 -449
-793 573
605 648
-532 -823
-547 451
-670 838
-291 -945
-188 822
237 51
-398 -530
214 -70
-293 -64
150 709
91 774
148 168
411 332
-536 -103
901 359
-469 101
-798 -568
89 702
737 -207
373 945
-234 612
-644 -625
652 939
-56 -133
539 607
841 -954
-497 -274
894 -217
-510 933
214 291
-310 962
620 997
-677 554
-293 697
847 129
-453 -96
468 -266
-924 -417
-309 -139
-240 -978
-649 391
1 -253
-805 -967
829 974
-998 -370
354 -636
-518 711
-288 -392
175 -649
-385 427
-18 -881
886 366
-808 260
-158 -923
-7 785
-262 429
-943 258
132 -800
-562 597
-687 -848
448 544
-569 701
-944 131
524 -827
824 -589
-310 923
-844 -544
810 7
-898 958
113 -152
980 641
926 -627
9 483
-652 -518
774 -77
-589 -295
-943 40
-115 362
354 64
798 279
463 -260
548 842
-154 18
-399 -264
-195 -567
788 -433
408 -555
-484 694
-899 -279
-37 170
263 714
-952 161
329 -372
-752 168
-892 -922
-873 219
-74 -456
-964 268
-442 802
-269 -163
87 210
472 974
644 348
-692 354
946 177
750 -658
14 348
-954 -978
-456 -646
-526 -180
748 65
529 194
105 -565
-171 781
908 988
-8 584
553 523
459 498
907 507
-977 -571
-652 -236
208 -243
172 481
730 -17
228 449
-599 -555
767 -114
814 102
874 702
-858 -873
-644 -99
-239 -525
-457 266
252 525
318 -635
440 272
729 -135
414 271
-87 -328
768 -328
631 798
-577 -465
-222 542
915 -663
-574 935
850 78
-725 -653
-826 -674
-453 508
283 -597
916 881
-254 875
660 -324
-97 -651
-5 -252
441 -578
-355 453
668 -366
347 -61
-354 927
265 273
-987 812
-626 -208
-63 998
965 250
-727 -405
-768 -630
-865 -548
-406 -869
686 682
-184 324
-830 148
-361 -436
-512 -735
924 -78
-368 -623
-6 290
-585 661
399 -721
185 -423
466 -307
494 558
-532 -645
-161 42
-482 990
879 618
-291 406
189 15
-226 -37
-389 461
512 -228
-757 -175
-432 510
781 285
497 721
-627 -175
939 194
-601 534
-438 599
871 -84
602 -171
951 80
921 299
111 13
695 106
970 -559
426 -483
339 -258
611 -573
-280 508
-602 -998
11 312
-935 -529
-545 573
-724 396
871 -874
647 -345
948 555
208 -534
363 472
204 777
-880 -786
-229 -541
134 211
-352 355
-4 -742
261 -852
572 -176
-475 870
787 773
-250 -428
607 -802
577 820
574 -679
-128 552
-964 -157
845 572
48 -502
129 22
56 -540
-651 225
189 371
-788 -553
450 771
479 110
986 -351
-711 274
430 -300
945 115
-369 143
500 -767
379 -363
876 -28
-859 173
134 195
655 -928
286 904
50 394
722 450
-565 375
913 -49
-958 -839
-936 375
388 853
362 57
