-451 559
358 -500
202 600
460 -56
683 417
-964 -62
-653 -65
388 501
-272 607
267 -251
216 -797
-217 -895
-52 -261
827 -138
954 265
-521 -723
-326 603
-959 583
841 -438
-933 -553
-889 -742
-731 -98
-976 -274
-784 534
-686 -258
-867 991
-769 958
-306 143
829 -210
457 -857
791 -331
922 795
239 -455
-482 -295
-914 62
-948 841
74 -973
160 -665
727 380
362 -299
-708 -116
989 103
-483 684
-123 -642
-994 995
741 -745
854 544
971 949
705 214
771 -50
843 843
766 -172
151 21
-659 439
-990 -32
217 643
-217 304
666 159
-529 635
-805 -819
645 -667
-4 714
-784 -600
331 456
455 610
-969 173
33 -315
187 219
765 -258
-499 -331
22 465
-184 318
42 -466
-616 58
-664 70
-281 -873
34 676
-578 364
623 487
-101 144
661 -174
604 -90
335 860
935 -294
917 418
-339 822
-416 683
-884 380
-158 -646
293 382
-312 -668
-103 -822
-134 -555
-364 -749
-285 -178
-411 713
-160 -353
707 406
851 -187
-797 -84
478 256
600 761
-609 -6
601 152
869 485
209 -308
-502 754
-623 -713
654 -402
574 -398
52 -473
273 -499
678 -730
840 -166
-146 -286
-42 398
862 -145
582 786
-790 64
206 -524
550 -814
934 -150
-669 434
398 -499
250 -228
527 -382
223 212
944 102
-917 -470
300 787
53 -354
-339 -620
930 737
560 -310
-393 -79
-879 370
606 835
-720 156
-196 138
-348 -911
858 -170
-922 687
-214 -743
140 705
-397 -288
656 118
-54 -490
-325 883
-875 921
-576 240
-198 703
341 -52
-527 535
-613 465
520 284
790 -264
-656 -409
403 873
-347 997
125 -351
428 -445
-523 -109
628 345
-199 -625
459 772
-530 44
-260 366
-176 210
-431 122
687 967
-867 -70
465 -539
-928 851
182 45
161 -198
-903 538
-819 249
-364 595
895 212
428 476
518 304
-52 -416
-728 -218
982 239
34 -25
569 -249
712 188
-168 47
73 -9
937 272
276 843
258 -121
-485 638
-399 -487
-996 -116
417 671
-199 728
-628 -532
6 147
325 -439
-15 -672
15 -235
978 -58
-370 735
791 552
-18 838
-192 -698
-44 -657
-819 302
156 -463
-892 -496
822 871
-155 -518
-416 238
289 531
-999 387
-844 -873
633 205
-851 33
401 218
25 -836
373 483
-61 -804
-654 569
-342 538
-70 -123
-677 578
684 411
680 441
-498 -822
907 -552
94 439
-795 303
169 -551
86 547
-566 -237
710 607
928 -531
-570 650
953 -729
269 396
301 430
345 -43
167 821
-74 -334
970 -72
-404 -421
-299 567
1 -880
-170 -47
110 -623
326 266
-300 -942
-870 643
142 247
502 -337
625 498
-740 925
-977 -99
750 -719
-338 -357
392 111
-999 -227
578 366
-733 978
-990 -699
-366 -963
-355 -943
-484 628
-411 623
478 694
892 -443
295 777
593 -138
240 -105
-704 -465
51 670
-815 442
-267 809
966 -481
998 131
-832 -394
928 980
222 -807
851 706
741 -666
-242 -370
-853 -71
970 181
74 421
80 935
-902 79
-832 775
-880 824
604 -45
23 622
-857 339
-268 388
-673 -981
-210 -854
