-147 753
440 -26
-580 914
-53 -112
640 170
-14 -680
-478 -513
-423 307
766 659
-795 -404
-580 929
175 698
-685 337
-725 -192
-55 339
-388 -603
108 5
-687 -961
759 -623
-185 -704
-557 613
-178 359
-440 -489
-524 -556
-166 969
-37 -486
-732 -616
-488 -298
407 716
-744 507
574 946
350 -926
609 994
889 65
847 -340
-102 487
168 450
-679 -974
53 -244
505 -564
-235 -3
-938 461
-162 -627
-304 921
-325 135
-947 -560
-324 952
128 -710
474 -803
-617 -375
-180 -980
-256 524
486 628
-325 -460
597 221
568 909
628 453
-409 -743
-783 865
-369 182
870 -992
307 -812
215 402
-750 -740
881 302
85 958
-234 -775
-431 -679
-689 -306
457 -501
-290 -285
218 310
-807 -385
256 -705
46 -930
649 882
-747 689
-176 -649
246 409
-493 -225
-653 459
-472 737
551 524
153 -547
-550 436
-346 431
540 -863
337 -143
-95 43
176 -685
639 -596
804 893
-869 83
-556 441
-644 570
-203 894
755 -119
923 -736
33 -607
-782 -657
623 828
-768 337
26 895
-464 -61
-428 -580
-969 -818
-858 -981
-556 -939
804 -616
528 -202
484 -606
437 -414
-194 534
815 613
-736 442
-607 984
-371 -149
905 -388
-190 467
-441 998
-421 -391
512 -148
-863 -544
-149 438
-403 -863
-520 629
-214 471
-837 -18
-176 -350
928 -578
-522 155
668 797
550 -150
21 -820
948 -287
-169 570
-104 262
-234 -277
788 771
66 581
338 735
673 74
-242 95
-127 -885
-953 893
661 -712
171 -231
-767 -230
-186 -158
-23 605
-291 -436
271 -82
-741 -356
-246 -658
42 288
437 847
-253 -605
569 993
1000 808
667 958
-608 -821
378 -310
606 -329
108 288
11 -358
647 391
-231 607
-872 966
-690 -208
347 -822
-425 -268
389 -455
-824 -686
-143 -182
153 241
660 377
769 -148
845 -704
851 190
797 447
62 192
-103 -50
205 -117
-846 135
219 -772
-568 765
-819 -987
8 -886
-726 303
-10 212
288 896
158 511
-352 -359
-791 -303
59 811
465 461
-820 -626
536 -586
692 724
-255 168
403 262
-205 -873
-379 -89
921 379
69 204
136 -489
-343 -972
882 -747
240 891
-332 -913
-26 514
189 892
352 860
-851 206
-324 705
152 -95
334 -161
536 39
-921 -382
413 -784
-384 886
158 -502
-850 -123
-794 601
61 207
151 396
406 738
261 -178
413 -147
742 625
247 -448
73 -130
-885 -516
28 491
-787 879
-297 493
37 976
816 240
-979 -507
38 625
-944 867
830 781
281 -218
78 -629
-297 -477
814 195
397 -618
-352 805
-687 942
-827 -156
-831 -505
337 573
-407 90
988 873
-572 -696
-54 798
684 982
705 -637
493 -699
-496 -764
591 -866
458 -595
-271 -689
-353 -244
221 -484
-86 351
483 -175
896 168
-650 652
-349 2
655 -249
623 -662
-968 -360
-411 130
444 471
81 535
189 30
607 918
-420 -669
872 -964
-212 -677
159 -860
-910 154
-943 55
834 -109
-252 965
-516 -338
246 -376
-437 -80
-697 -882
951 -193
515 125
498 482
594 -295
203 763
-589 -198
-169 209
555 -317
105 -200
-98 -579
