-919 -14
-393 -804
35 -193
-447 -695
-710 906
-138 72
-430 -785
790 -777
807 -855
155 -425
-730 952
119 989
170 352
195 -192
271 439
610 267
-258 -84
821 -555
-720 494
-579 -726
91 266
45 412
-870 872
-809 -881
914 -709
198 937
872 -849
948 -740
-699 491
97 -773
-381 -22
-220 -918
774 995
-132 -177
582 957
620 -166
46 515
-605 675
341 -56
786 937
-12 -277
904 621
-130 682
766 788
935 -295
84 897
-59 140
970 -711
535 199
855 185
-1000 -180
-215 872
-1 664
-973 -639
451 797
638 452
458 391
-861 434
85 147
-363 -511
-1000 -911
170 634
141 801
-904 929
-983 268
-369 111
-499 311
39 -633
474 -975
-374 517
-982 882
-616 -646
174 -601
199 98
142 70
389 -864
619 -90
-768 -961
56 477
448 -634
26 -444
832 -73
-437 -422
-447 257
746 133
-932 374
-9 -333
-718 -322
-789 -486
-232 -436
228 135
-878 279
776 -533
-582 -869
978 949
-102 -333
-56 -802
-632 214
-484 136
605 -485
-591 -303
-698 942
-27 -459
-663 -322
-233 224
327 773
-290 313
-299 -863
605 977
-282 -1000
873 -166
529 -645
473 933
617 865
-189 766
298 -944
-231 601
196 65
109 434
-582 -294
479 -22
-746 -789
790 499
956 716
221 -691
-604 711
612 199
-443 841
569 559
-932 -262
997 658
-774 264
983 77
-735 -983
-859 -834
-773 -353
494 -410
-342 185
145 -64
26 -751
-505 -874
550 -421
873 137
730 -407
-221 -515
-289 99
175 946
-592 -670
582 344
-394 533
702 -175
714 957
-875 -827
-523 499
-580 421
669 -958
-184 -500
-625 105
599 168
-12 -365
382 -814
911 -545
-16 148
-255 522
529 -99
-351 574
905 420
54 -327
-362 913
852 -574
-608 -591
-251 382
36 -644
-195 -795
-476 -859
-788 475
-115 -131
32 -756
-356 -778
-245 846
-90 386
910 151
887 -20
598 -71
10 316
287 -278
814 421
778 980
744 69
-854 107
-170 116
501 -444
749 791
-748 813
656 -840
676 -637
-711 536
506 -878
540 345
641 -797
453 260
85 361
-768 417
358 780
-859 -332
614 -282
226 181
-971 284
-911 125
-729 -7
-348 942
668 372
-882 483
-406 -734
-299 -749
263 -729
268 -759
-86 155
-811 544
-264 311
95 -811
269 -622
54 131
754 -29
-821 -674
-462 -349
799 432
752 533
-132 -18
976 857
200 -948
-695 793
362 996
532 377
-465 223
-820 -705
-553 -196
929 804
-82 -159
-18 952
761 27
953 609
-404 392
815 117
-196 598
499 -585
-853 576
777 777
-196 833
814 -143
697 486
60 306
861 25
-528 808
-678 -448
72 659
-55 -242
62 727
-326 -376
207 -462
460 -368
-664 -205
432 759
928 734
290 -764
-139 -698
132 547
918 -970
753 -538
813 -378
574 -845
884 495
718 799
-701 -77
245 710
964 -975
308 534
541 36
-261 -254
983 -478
-671 504
922 -295
678 -625
378 673
973 573
-184 193
-45 38
261 -573
669 999
244 -958
456 -957
250 -929
-229 945
-198 -191
-801 983
862 -773
914 840
576 213
617 -258
-343 304
