795 -849
537 479
279 -98
-158 703
739 -12
631 340
849 -853
637 -23
-462 310
-692 -379
-405 950
-16 -299
976 854
947 811
-31 431
-501 886
-38 -595
297 -917
55 774
777 -433
-132 -977
-983 -537
794 -924
802 -333
865 -799
-12 -559
341 -274
882 -93
787 737
-293 108
-151 -977
52 600
948 -704
232 -137
259 -766
414 -879
693 369
796 845
-872 123
670 207
8 689
127 13
921 -354
-463 178
-914 -655
542 -451
-567 -671
-883 -401
-839 484
471 -178
102 -32
-146 307
-489 -262
-541 19
644 -518
-476 810
-87 329
-838 82
-516 716
686 -503
-103 40
89 -914
367 -979
815 -873
-680 527
-932 -32
-733 -427
343 -487
-657 -916
-446 531
495 -436
883 -734
317 594
127 -3
-771 -985
-695 -367
396 279
-673 216
562 895
659 -96
-291 -538
539 153
420 623
370 787
642 119
836 -726
33 804
764 374
40 729
-575 285
-949 501
284 -107
869 -796
304 736
76 72
998 953
911 236
643 126
-236 559
-745 -150
-152 -675
118 321
-313 917
939 314
768 -556
-472 519
912 -462
117 259
422 762
-849 -292
543 638
198 135
676 -4
378 -289
-989 -208
-742 -908
-219 994
-693 -225
208 -506
286 -787
-942 114
-179 -474
858 -811
-400 831
-451 761
50 -634
-209 -878
750 709
-377 398
869 719
665 244
156 -136
560 614
-641 -471
-400 234
-433 339
-953 680
234 706
705 -445
902 -883
-224 -194
-306 -800
-861 -417
-21 -30
774 470
79 -903
10 -359
-331 -14
-311 -259
-578 -730
197 -885
-385 900
-141 -362
777 498
703 260
-704 -660
359 -614
848 -100
-631 815
-931 -851
501 -206
-473 542
-933 930
471 -122
-562 -393
859 468
607 466
-430 -280
927 -988
298 -74
-275 543
-761 -363
-795 -260
-520 55
119 592
-288 -940
-390 345
967 447
379 -727
-651 -335
764 873
604 222
-907 995
372 -693
-890 5
-297 -785
-696 596
203 55
399 -139
32 1
-303 -17
960 304
-743 -591
959 1
348 118
-207 850
480 -679
-3 -333
-455 737
966 -229
-250 -742
17 -645
554 380
-883 993
163 160
558 -250
250 -925
-768 458
-838 517
834 -597
733 -919
727 -907
-671 671
-278 -100
941 -134
447 -268
600 -503
786 -825
-19 -802
-507 -492
229 -193
746 -325
-673 495
-186 510
909 -698
800 -188
173 19
-163 158
-405 108
-158 -596
383 427
-230 76
759 -509
-117 -550
-184 309
446 616
-80 137
-317 612
-565 -628
666 387
774 -816
-353 325
529 -609
-85 -155
789 -22
589 -502
-94 -83
232 -27
-627 -601
-639 421
-316 -892
731 -467
313 -580
-525 381
570 428
887 673
-265 241
-548 -288
-554 -625
586 -29
322 11
797 236
235 604
671 374
-224 617
-50 163
-564 -863
-674 326
695 960
-211 76
236 343
657 603
-940 931
-776 59
51 -868
-665 -365
349 113
564 439
-638 -431
961 -28
877 958
36 -260
568 779
68 -851
346 314
-541 521
-110 -235
-556 348
346 940
8 36
-826 587
233 322
-636 -818
-100 445
-186 230
531 541
-748 529
-855 -256
630 400
-332 470
