864 580
-29 336
-602 757
-952 354
402 -638
-782 -806
0 132
355 333
449 -896
-115 -67
208 -635
104 -832
778 685
396 842
718 -671
-465 729
317 -805
-505 -415
977 99
362 581
-753 133
-77 -883
-887 -39
439 -918
-252 -768
-685 230
-197 -43
-273 -21
649 -16
728 -964
398 -34
499 841
-755 824
-373 -140
441 250
564 -982
131 840
100 -15
-258 -581
-102 738
-807 -194
-216 -967
-327 953
938 -826
-224 -617
-403 258
-311 -574
-880 -331
-878 138
872 674
-805 586
-668 722
511 -608
-430 797
755 -536
-455 -256
-463 724
-382 -535
939 479
100 -65
-893 181
-721 -150
-387 -938
704 857
-178 -866
496 -6
259 584
1000 -603
443 504
277 288
-282 -962
-202 -890
787 -428
987 -697
-215 -230
-641 27
338 789
-954 -524
667 -582
-323 824
-437 999
-517 -928
-505 -549
36 40
469 13
254 54
-619 -775
182 -838
-943 661
-886 265
-339 -547
10 784
756 199
-532 -587
910 -160
-58 -550
-6 479
-839 -859
-463 991
952 580
419 857
-226 -145
401 302
654 553
-373 284
-888 664
-758 -534
868 118
-995 -259
585 -885
343 -394
618 620
-528 793
254 618
221 -957
-724 74
-872 -584
-530 171
-611 19
454 706
828 -922
-562 -297
273 845
116 142
216 -752
452 -848
-219 162
128 576
-105 -70
658 -851
-792 31
-812 -56
81 20
-397 392
536 470
-84 -419
376 139
593 750
782 -805
-973 691
-539 365
-947 968
-239 657
345 -578
414 344
810 741
857 -804
97 785
716 200
558 413
-411 171
-910 259
-71 328
93 -113
-294 -593
862 137
854 -516
-73 418
563 -158
423 -273
386 772
-802 -857
851 290
-886 29
-25 509
-588 625
224 -567
-958 130
311 261
791 -189
-500 8
-562 763
-452 106
294 -410
-183 21
647 483
-22 18
390 219
479 852
239 -700
647 854
278 195
733 -323
378 441
-143 -126
609 6
42 -413
676 -769
888 938
-632 863
265 972
478 -207
-144 226
-756 935
-890 -362
-498 -641
588 -332
673 487
162 -866
445 -376
206 -112
888 898
-267 -283
-845 204
-66 684
-653 698
-351 480
60 680
-157 764
-951 826
439 483
-782 707
-923 -551
-498 705
-717 -562
960 -671
-265 547
627 92
-771 969
-531 -382
978 -35
-443 -879
85 -244
86 -435
276 -96
-44 -752
539 273
-46 942
907 -430
-691 683
-778 473
-253 722
-361 -300
139 -920
686 -486
-573 -26
-833 360
760 488
-396 244
-681 -609
698 938
790 319
-976 512
-802 -287
-628 888
338 -331
677 -18
725 813
915 -870
-958 -88
-503 998
-742 -392
-735 721
958 403
397 586
984 -943
-480 512
512 -718
-845 970
861 147
971 -336
362 -758
-510 -394
549 -610
-4 -778
151 507
375 -690
-419 -848
-646 227
-413 560
-165 -181
941 -936
-94 -548
206 704
675 72
-441 -901
905 -420
793 -927
-761 636
-200 -823
-920 392
448 77
-560 -165
298 -1000
-774 890
271 -94
-26 234
-261 67
547 -128
-610 -61
-535 13
-700 -336
-235 -445
-872 -44
-703 468
986 -689
-514 630
115 178
-642 -855
219 544
