112 -156
855 226
-744 905
589 -447
-590 863
556 731
-374 -893
247 122
-361 90
-214 682
-717 -861
-5 -172
-345 831
-959 126
-683 356
-382 -606
-962 668
883 932
975 595
-579 -599
-724 -50
311 -505
491 219
-641 -8
904 -841
-165 -198
-236 399
918 -611
-761 669
-248 55
-216 461
277 324
564 9
-269 -235
-261 -896
62 654
-163 -69
-985 154
-615 -578
629 -479
-585 507
-721 719
-713 535
-507 602
-419 -457
-594 309
-246 944
-482 148
516 -189
284 173
876 -154
-745 -272
16 -284
73 903
-967 948
-310 555
317 -161
854 527
229 -226
506 476
860 -575
170 916
-838 806
808 234
75 -672
427 891
399 -834
707 664
68 782
957 52
-977 30
-132 929
-171 -681
161 689
-134 226
-890 -912
-638 683
613 181
618 -451
-25 333
-386 -972
374 568
-231 352
845 -936
236 -300
-255 541
-834 -829
-635 569
-545 865
724 -302
-449 993
35 966
-495 -832
-793 653
153 923
-497 284
943 267
408 448
-273 1000
655 419
965 -148
994 -289
279 -724
819 -412
-214 219
364 -181
997 -29
-702 327
66 297
979 -552
-597 434
894 78
478 -116
871 215
-14 -434
-932 -119
-664 643
-620 -760
-928 297
-436 -356
-583 -826
596 -836
774 -868
221 -92
-430 525
794 -9
123 979
-128 969
-484 199
-790 271
-91 -511
919 -197
550 318
604 -878
800 685
712 296
560 -979
223 98
-546 58
-812 94
-262 210
-513 901
135 -186
531 -552
-185 -769
741 -842
911 337
-274 532
506 -145
495 256
-82 -771
-159 -916
312 276
0 462
652 -74
-900 102
547 -600
755 -506
-816 993
811 -20
-155 -747
527 866
608 626
-634 163
457 360
516 152
-886 -701
-903 -647
723 -729
-953 -683
-564 238
-831 -31
-73 721
-649 555
-577 -626
508 -304
679 807
-215 394
780 255
636 756
-99 707
37 451
-642 -987
683 -695
37 193
-487 744
189 -323
998 607
867 -831
-534 -500
216 -101
-75 118
-743 646
-694 195
-623 563
-705 -664
438 940
614 232
561 824
-558 -159
-845 598
437 962
-510 -137
-682 810
195 -905
254 276
-26 50
451 -272
-307 773
311 -356
116 313
483 879
-690 -480
990 595
-747 -3
278 690
7 -196
-702 120
875 -449
155 46
-680 545
569 498
-307 -418
-435 -19
366 702
-452 173
152 303
-399 -851
-494 652
-763 -599
-437 235
911 -374
314 -308
-251 140
-794 322
788 -570
-526 -825
52 224
803 315
-713 -921
-866 311
766 -385
20 -217
693 -389
-751 336
-318 39
-881 -810
-552 102
529 449
671 -757
-672 349
-825 344
-159 -585
74 -961
394 -440
352 887
605 -75
348 452
39 762
487 168
-643 897
-629 -954
-861 -817
-931 161
-461 -241
-116 -112
329 -141
439 -295
-869 401
-150 452
-624 811
409 -590
-570 -232
-975 -738
898 887
-703 -957
-305 798
621 -551
781 -32
-629 -940
-333 225
921 974
633 104
-326 58
591 442
322 666
298 -273
-435 -235
340 -988
-395 850
-991 584
-616 -579
-36 -484
363 593
30 -481
-914 -434
-278 174
-525 -990
356 409
-518 805
