-633 968
82 412
226 -331
870 990
670 -33
-293 -289
222 715
-515 258
-324 -500
-591 -743
166 -328
634 994
321 379
-602 779
-303 -159
33 46
358 -479
-825 340
451 -883
-400 927
474 -799
625 985
-979 -652
940 -884
-923 472
593 124
239 11
-359 -839
82 527
766 -977
946 -352
667 523
-795 998
43 -451
-952 926
-411 677
173 537
923 601
-704 -787
-164 351
574 -402
716 -403
-730 -339
151 968
-431 -640
-216 951
896 46
671 56
-263 -371
-553 929
-898 -735
598 -333
-828 872
228 714
-670 -742
534 126
123 107
895 -877
20 -159
-508 206
791 -274
451 -843
-92 871
238 609
126 -816
-112 742
-68 -920
614 -857
972 -309
553 -945
-963 787
-393 155
554 413
476 679
841 477
783 263
-154 570
572 184
987 566
899 -587
286 -956
968 471
245 713
-504 626
-415 147
692 387
-878 753
-135 275
635 -102
488 -966
-431 742
20 717
-591 679
504 797
499 -544
-602 -400
-959 -425
-947 -72
357 -686
-249 599
667 950
-186 645
-487 -421
779 738
-706 -696
300 -226
-16 -984
-458 819
665 -66
-567 -957
593 89
175 -725
-996 450
-884 -564
-850 -4
-63 -207
-799 -788
-226 -607
-575 483
360 -398
-677 764
363 389
-249 -285
211 484
57 -928
-565 794
-356 -30
-361 -795
-738 439
736 427
-585 266
-522 -430
-164 370
-54 -388
734 -319
-83 -217
-370 -735
-822 -450
-795 210
507 -848
96 326
-783 44
786 904
121 656
29 -644
91 -470
601 972
-931 -824
-625 -303
442 -192
258 42
644 288
604 12
267 145
105 401
-258 130
-355 419
-663 701
647 723
92 -878
-285 -871
-731 -268
-111 -125
526 -886
-825 -832
-405 792
-721 418
-749 -523
685 -351
317 437
-460 -234
-581 -28
187 -955
-869 269
389 -431
63 -410
737 24
-189 -754
-317 -404
-921 -850
-33 629
287 -515
-651 205
-397 565
392 140
-486 638
-628 -660
48 530
240 797
874 -565
-792 -833
907 651
353 232
982 -739
-294 516
-356 -610
-127 -75
-145 -174
-144 33
128 351
-600 -597
609 54
241 -949
-57 -221
18 -8
328 -820
80 890
569 -6
-578 754
-615 682
-508 958
-4 150
-879 917
226 -799
-71 -64
-379 502
-633 -746
355 -394
879 -211
-122 -763
-412 -847
-180 -904
-28 239
-823 475
358 905
463 445
-12 -711
608 -871
439 -650
-552 18
-511 122
424 -19
-127 996
-606 -972
705 -165
75 -933
636 -16
331 943
944 649
-283 826
194 315
520 -792
-800 869
-724 486
-322 997
-930 -84
-219 657
325 -580
717 -274
-225 -162
-778 -706
-976 -394
-278 501
-349 101
-41 -803
254 120
576 -995
939 851
306 102
-313 -158
-671 7
-785 977
217 -63
153 593
534 -979
976 -673
491 -996
14 -892
-87 357
-18 -493
544 -4
-473 149
-117 795
817 521
-313 368
305 -882
958 -789
-647 -949
-639 59
-744 -409
761 435
276 585
472 -667
932 822
622 -623
107 293
489 -990
793 528
372 777
154 -637
123 -212
810 -497
80 324
-719 395
585 644
856 -843
-978 323
910 467
-395 611
733 -503
