-414 -879
-356 -805
19 -531
105 514
-561 -526
658 -964
-299 -962
-379 632
564 -18
987 64
147 137
-493 995
164 497
-599 -568
-129 -522
-293 -606
-233 17
-818 271
-776 -780
-23 -691
713 859
-275 532
-744 565
-587 -757
805 -87
-26 161
570 298
-661 169
-6 -455
-681 888
502 712
-477 38
355 -816
771 909
-623 78
-281 501
-304 -149
-364 93
-949 -8
-886 -584
-859 684
-325 571
-717 292
-776 985
-793 -545
485 -821
-215 118
460 908
442 -603
-891 150
-2 -42
331 741
413 112
-927 525
-527 -809
-83 -74
-896 74
-303 -469
-737 822
-475 -454
24 -933
48 194
-538 868
125 489
-793 129
964 -450
-550 392
217 -511
28 192
442 864
-667 914
-623 -850
-445 -297
-460 -229
-514 272
-352 989
346 -942
-227 -455
-845 186
-666 -180
498 560
41 223
-672 -950
457 -205
-618 -116
-300 574
-896 858
-553 544
-265 523
-546 809
55 -489
-729 891
667 353
698 -812
793 -938
-461 958
-901 -328
-311 974
332 -924
-599 253
988 786
-385 -274
-120 -473
7 740
849 923
-84 137
-332 570
777 -321
243 315
-183 -364
-829 906
712 -912
-551 294
-741 -357
-666 -450
-741 -468
284 744
-850 615
-711 -425
-47 -543
800 -170
-173 901
-520 2
-370 -754
103 406
543 686
451 798
563 177
563 -349
-975 -36
441 -106
754 264
-472 -885
-167 -287
-515 904
-346 -263
24 -382
-384 -741
-84 932
-400 952
-764 -828
-955 -819
-795 -738
-220 594
909 437
132 -514
71 -932
521 761
-749 940
10 -527
826 -404
116 773
-950 -449
-803 296
-736 -301
939 931
-304 -472
155 341
310 925
658 225
-296 866
526 -73
298 220
-967 286
-405 271
744 -904
-573 389
-457 -108
-758 -998
407 -619
-800 692
-636 -248
-231 401
626 64
538 970
-769 632
182 -901
480 855
-663 867
503 -336
506 -24
-794 -12
69 -408
999 -732
-279 -957
415 19
929 -813
-797 -324
257 -677
-155 -774
-789 -203
325 -353
944 -938
-373 -752
-165 734
-98 225
378 -402
206 993
494 167
834 27
693 871
-872 -200
-527 -123
251 316
746 -466
639 -35
-891 549
484 -800
325 698
353 -751
378 -247
-735 -35
253 359
-367 -291
913 -384
1000 239
448 698
626 -868
879 -147
-632 170
113 -385
972 133
569 -305
795 862
614 793
101 -796
268 -123
-520 388
768 -501
958 -930
-747 -673
-915 62
-263 -112
-720 330
-960 -71
-61 510
-58 958
41 -367
-503 -119
-743 -169
218 -824
-923 15
146 -943
984 -101
668 -834
430 -374
25 -496
429 -251
-450 397
-717 -295
920 805
-193 -95
-730 125
206 -557
794 786
-848 949
841 -897
-756 -464
312 -255
-761 -340
-524 -609
-848 -454
372 -173
569 -498
-964 607
185 950
-142 -985
-690 -387
854 591
-531 586
-108 399
-992 411
817 128
558 63
-858 -761
-440 465
-361 252
457 -202
643 -141
381 -703
-323 -54
-331 489
-279 637
375 430
738 -904
870 -561
-336 -779
15 -115
-469 -222
637 559
-878 -945
-391 610
653 658
-259 91
165 107
-127 472
397 511
-286 509
-875 -650
-99 1000
