310 651
-116 783
45 408
-365 -485
-97 601
-58 195
-333 -224
-850 223
423 135
1000 376
-889 -336
-152 -498
-466 421
-551 -548
-82 458
726 -681
-205 -469
-962 -953
53 809
-478 -614
-241 549
-261 -356
649 406
-145 -231
67 401
-22 -883
847 -689
389 605
-462 703
797 739
-665 -174
-802 -538
-686 445
-786 -657
-102 741
-855 485
402 272
-949 187
407 -866
197 -620
-950 -868
395 313
180 434
448 -158
471 -633
873 -120
759 -548
183 -594
687 -566
847 -696
560 -642
-867 -806
607 -160
-246 -825
-108 851
-611 184
-710 -53
474 876
968 842
-415 187
-178 -471
-920 520
-856 -739
-605 -249
80 -127
-669 989
770 -440
-928 105
140 -311
-403 846
664 -166
-615 420
-702 485
826 -803
295 -956
465 533
-907 468
605 441
358 517
782 -436
-267 -508
-802 -688
-968 529
-288 -80
-463 -230
881 -212
-529 -985
-485 -830
279 -458
-848 -732
-553 238
-679 967
493 656
-547 -378
733 -277
915 -158
238 613
98 -606
-362 83
-894 372
-587 -592
537 -903
475 -466
81 -827
510 510
513 580
-407 -441
-14 -170
961 198
-739 -72
-770 -668
808 903
-886 937
152 -235
469 844
497 -50
-191 685
291 -257
-103 331
974 -94
-751 330
-639 -313
419 663
-56 -807
-258 990
528 -321
490 277
124 -847
213 614
918 -695
963 662
655 765
894 130
-202 148
786 596
-30 -938
-387 883
-437 -789
778 742
-758 -311
67 772
-522 -220
-224 941
-950 815
134 -601
-385 -113
-757 -118
21 743
-910 -191
-689 372
899 366
-848 388
-982 -329
-787 362
-354 548
-509 -151
560 937
-289 654
-414 -724
282 119
-906 297
273 -159
114 814
-113 -745
871 282
453 -406
203 -84
209 -990
-973 737
-470 630
945 80
-313 -674
-880 -543
188 -81
871 -692
985 10
-312 -899
708 495
648 -26
-986 78
-902 952
-27 -2
988 925
572 492
491 389
-414 378
265 78
786 -410
-56 -860
-739 311
-542 99
-95 -152
260 443
-761 608
767 646
-195 -81
-172 526
-767 877
291 242
605 6
-250 633
173 405
222 30
-154 -152
259 -404
731 -435
-738 51
-606 764
419 -373
-69 -291
405 -641
-915 -824
-35 816
-559 -932
27 -52
716 -496
-493 840
675 788
-787 -841
753 -950
867 -405
314 -235
-861 127
-99 -452
913 -18
792 755
942 407
664 978
648 -649
649 569
169 929
-515 -79
811 30
-486 -759
239 204
910 -184
-852 235
955 12
503 -924
-151 500
-68 131
712 -384
950 -634
681 -788
396 773
917 274
579 903
-777 -312
984 -95
-779 -922
885 -25
-166 -887
923 948
843 374
-394 461
-441 250
-562 943
956 -506
824 -750
-457 817
746 835
-11 -277
-810 61
29 480
44 687
285 908
680 991
6 -145
346 679
-582 432
-255 945
-21 904
690 -159
-389 -366
-560 345
-926 985
-716 323
210 -260
-416 -971
-849 -150
-572 239
-638 804
21 570
-422 298
-568 -945
447 -589
372 -710
421 -673
-826 641
-634 -244
-325 14
-427 944
646 -691
-706 -656
599 411
-692 -125
452 -665
257 -976
-720 -174
-532 -779
