-564 244
-782 873
35 -181
-927 984
-341 413
740 -112
-865 -299
-688 -612
291 -525
276 -928
-110 -197
77 149
496 -685
363 -494
83 -638
835 -674
-873 -383
6 -593
59 -816
455 491
-658 295
-276 346
521 -716
482 586
-599 488
560 101
705 -509
418 -588
-954 966
525 -215
481 998
301 -875
677 436
57 -978
149 191
353 296
175 -223
-690 540
653 -436
670 -634
814 -231
487 -994
685 687
-508 135
948 70
-782 378
952 584
-808 -862
-530 164
706 663
122 491
-609 931
-476 -465
-292 -854
639 -434
26 -260
-948 53
-846 -46
-519 -505
865 -744
734 956
-530 71
-508 500
-750 1
90 55
909 887
-577 182
223 -933
511 -269
960 255
-469 572
-413 -919
995 240
-69 -48
251 451
426 906
505 -820
96 781
212 683
-866 764
930 78
-327 462
-563 517
-871 -507
-349 -836
-854 336
195 -287
-809 -999
-298 -92
-268 -561
942 332
289 435
780 769
768 955
-958 375
116 420
-544 -884
402 -52
911 449
137 483
-348 203
335 615
409 119
920 -268
-702 977
447 -77
-502 -677
276 -969
517 860
-512 -474
-299 562
-876 -760
-267 68
910 -808
-415 690
44 -690
640 183
215 -39
-769 558
370 -215
-721 -272
802 -252
904 666
288 -419
949 374
303 -223
77 -491
-88 209
144 -481
-549 -85
898 -886
99 291
-71 288
-241 797
86 569
98 952
-225 -44
362 -947
-195 -475
340 -638
-51 -757
-539 127
-761 565
67 -558
-759 98
-760 -59
571 -57
514 -765
886 -863
-331 -116
-211 -119
-211 -841
-578 554
544 866
225 451
-893 -475
-130 486
677 -750
54 982
712 -77
943 365
-149 914
-533 70
193 -590
204 -952
-116 571
-725 782
-134 -920
540 620
219 -66
-685 -289
-276 224
900 752
354 -397
-755 275
291 -325
788 -991
-424 -600
128 -114
576 -658
-324 26
882 568
100 705
-927 421
67 -7
518 966
-392 426
-196 769
-692 -583
-402 742
773 -332
840 -692
205 -222
469 414
51 659
957 -925
785 850
349 -175
-655 153
859 622
326 339
754 141
-36 -113
336 -876
381 729
-692 179
210 -785
-586 -141
-155 -80
799 -469
475 -35
531 760
-90 679
875 761
408 -810
391 197
452 121
84 -650
701 -612
256 -166
-465 -956
-331 885
784 -802
-461 -818
-62 362
-428 326
674 515
695 238
-595 -426
-347 206
-863 818
851 914
-875 676
474 -671
300 449
-592 -128
-397 508
893 -918
141 600
-436 -474
206 61
158 -297
-569 212
-850 -697
-612 716
362 -73
897 280
314 923
860 -80
135 924
825 -285
-589 261
57 871
-43 -218
-699 37
174 954
431 405
-215 -67
-204 -620
-380 -340
-356 792
-408 -833
-872 -821
740 -469
-545 -12
-755 442
916 -413
-894 178
166 -878
413 -642
775 -79
-683 242
-900 -586
-295 -840
-277 756
966 -617
-766 -589
-88 734
715 588
-403 -608
-246 635
-817 -268
750 561
-433 -72
252 544
-404 -685
-218 621
-744 794
-466 805
-631 -478
-3 -906
-965 -175
-509 -620
-193 -618
-144 586
324 180
-320 -887
448 223
940 -276
101 570
