-388 455
450 439
721 469
-138 976
684 253
-885 -645
124 503
205 364
-11 -721
940 871
210 -481
868 655
-11 -331
-158 -714
-395 598
936 -906
-108 -189
-981 713
-551 770
411 146
-43 410
123 654
-923 -719
-480 434
-865 724
-918 -481
469 47
289 979
-547 28
670 -470
476 -653
597 585
-451 -227
-971 -556
-172 824
669 420
901 -348
650 -713
-193 -881
531 -553
349 -830
429 -953
-883 643
550 -221
846 403
620 -681
-280 -560
-560 260
-158 -288
31 -715
296 -482
-94 937
844 -313
173 -708
915 527
345 414
806 495
577 685
157 175
-196 411
594 -641
149 16
856 626
530 -422
-61 832
185 -492
669 302
144 -821
-679 -169
-985 465
565 -199
75 313
-227 484
46 120
729 -700
-419 -652
449 773
-315 197
145 -311
-992 916
360 -456
-822 -538
215 76
345 65
-959 -388
93 -369
-951 466
-407 -206
690 -572
989 216
-440 888
-699 -403
555 949
266 -435
-475 -237
-335 -216
-911 660
839 605
-319 -523
-567 -644
165 916
430 746
-844 659
168 159
91 -882
334 -957
631 -537
166 -792
553 -757
-115 -49
633 -614
-723 -486
-269 -396
430 727
-392 478
586 -486
-336 -367
47 415
-171 -992
-182 654
220 518
961 306
-864 788
-950 -380
835 447
156 -313
416 316
20 559
-798 -590
-96 526
-235 955
156 -268
399 254
316 -40
191 23
-31 -444
463 693
-964 -919
-829 -332
-718 -426
-508 -715
-129 -242
-718 163
805 -779
-253 -369
607 471
-964 -706
858 -521
-214 -743
204 938
709 554
955 979
-923 855
186 -641
-193 -103
-2 -527
750 -655
728 103
576 -126
402 583
296 902
350 824
-246 -946
-639 -53
-409 -869
714 837
-793 462
-400 753
-273 443
-187 -470
539 -396
-281 -56
-152 790
-754 -358
467 500
223 33
-407 977
-711 308
381 958
-153 617
929 -403
857 -937
458 -614
-3 -718
-785 -216
397 -467
365 345
958 -883
-807 261
-790 -112
-892 -74
-307 -849
529 385
-114 -280
915 847
88 -754
-702 426
-907 546
-56 111
-219 -232
-95 -195
349 707
-37 -783
-318 -2
-690 -719
534 -363
-313 -97
-431 -915
-151 92
782 -67
-840 -133
24 -227
844 -552
132 963
46 -123
630 -457
808 91
172 -590
724 256
-674 -829
-929 507
-813 -110
522 -284
480 -434
-734 -482
611 -602
995 837
342 -939
-383 856
489 776
-27 387
3 282
-509 89
-852 513
-385 970
503 -897
774 800
539 660
-420 -742
-54 821
-461 -343
-125 -241
819 -355
304 -395
-568 363
-304 -544
-651 615
-281 -957
347 -752
542 302
537 -298
-953 -532
109 -184
-856 -175
-491 -189
-753 307
734 -748
-968 890
-701 483
515 -430
29 -463
-248 -292
-481 -172
89 -817
-928 566
679 -944
416 169
820 -724
-891 949
-895 364
-262 -729
45 594
54 323
-786 -675
717 -381
686 727
-607 827
-800 160
564 -727
498 -291
-191 -584
103 -149
-935 -308
724 -224
-845 -784
327 310
-337 -429
-565 536
-20 869
-100 3
-801 -626
927 -670
-989 821
369 -21
55 -242
-87 48
-279 -6
-704 828
707 325
-828 -88
