-571 -16
967 789
-932 -407
-128 143
-887 -389
-851 -347
261 774
-13 182
281 -639
-310 -614
-324 -781
-541 -891
358 288
418 -485
-606 882
264 -271
-186 -477
76 179
303 376
-679 729
-324 640
-787 981
-134 318
772 -772
254 269
204 886
-288 545
871 309
-947 -47
131 693
619 810
941 -549
583 792
177 -582
833 -243
43 -218
-273 233
-321 16
-474 -722
-99 314
933 972
-146 -493
332 634
385 214
-361 883
58 -4
274 -95
0 -245
-279 -25
709 -18
-686 -782
844 -428
790 -290
-902 938
249 -210
602 -956
-890 -410
807 377
-984 391
205 -488
-455 47
-535 124
-354 837
430 381
-410 -676
754 748
39 572
-238 170
-264 -912
-128 -216
-811 -689
368 -887
-75 947
927 249
41 228
-497 948
-594 -773
-791 782
-84 -195
-370 -979
269 -531
-589 50
-994 -899
-881 327
451 652
-945 200
313 -923
561 557
-124 -129
350 255
-937 -712
-663 -560
-647 480
753 342
-940 -782
-990 408
-143 984
-595 -302
-167 743
808 718
-557 32
-90 -56
854 -139
-764 -834
482 -163
187 36
733 791
-924 -716
-157 -521
-871 144
-258 367
500 509
-755 482
-815 165
-937 -813
762 -993
-420 -9
-686 -143
601 860
786 -538
334 413
-967 -44
-192 -775
546 479
-447 -173
971 924
-119 -637
-499 -333
604 142
587 -436
703 -754
957 -436
-635 295
-763 777
637 333
511 -969
-505 884
-866 -415
-876 756
-257 -713
-205 -748
1000 -359
-477 165
530 514
-212 532
-450 653
-311 642
-129 40
765 536
940 -847
649 497
427 271
814 -142
-795 975
59 -801
896 782
-974 -777
204 62
-823 -682
290 -718
450 864
482 995
-109 719
872 287
43 -695
-978 629
172 521
-147 388
-394 785
592 518
504 -865
-511 -404
-320 304
657 286
-253 -506
-828 204
481 38
-309 169
-138 -746
-243 866
-551 -277
645 -351
852 563
436 -757
503 -129
-691 840
679 939
78 -446
-336 -394
-145 -667
-726 -945
-481 604
-490 581
682 143
-566 455
443 367
-679 731
-524 -616
-278 -3
301 746
-16 -326
-951 898
630 -280
-317 -617
959 -586
-437 -583
411 -485
-790 -585
213 559
-633 -6
-273 138
-578 997
-736 -945
902 914
-669 906
-903 -60
378 -32
-622 -424
-964 178
-601 -182
-366 64
-495 287
-274 -78
-314 731
461 608
62 858
-90 799
-495 -506
-723 842
794 58
980 715
-668 -692
199 793
42 -692
422 220
588 174
787 535
-447 211
168 -647
912 -853
-133 -413
-350 515
372 977
-508 -352
679 -141
887 202
219 310
500 -728
771 15
602 -291
207 -468
-822 -288
35 768
719 859
673 829
-113 211
-765 449
627 169
-883 278
492 760
-331 305
287 -416
894 -477
387 554
698 -788
519 -116
-192 264
481 529
334 -653
-544 954
-435 690
-980 78
838 -526
-544 -389
-218 -41
564 960
-616 -491
348 -187
48 -695
180 871
776 -9
-765 -748
239 -64
-548 -626
-17 -471
131 -563
-981 282
-514 463
101 108
727 837
-896 773
-783 324
524 144
-36 390
996 683
972 -223
279 434
226 708
685 173
474 818
