891 277
596 -44
53 -149
259 -975
-51 657
-816 610
883 164
-712 560
514 0
223 -423
-480 -605
562 153
904 540
-888 -171
-497 440
-494 -435
-976 1
468 -301
627 303
365 -143
-240 618
-570 -69
693 224
577 -815
-337 -39
828 356
-680 996
900 946
866 -400
336 926
724 -358
-291 -22
711 98
-650 -200
649 -87
-984 -636
-650 -42
-971 -297
-830 -115
899 -54
154 93
-990 351
464 -185
926 -18
-788 -108
228 -849
232 -804
-106 921
955 422
457 -766
140 -196
-716 995
73 -648
206 -959
102 911
518 635
-778 -150
-887 85
-756 149
531 -441
-542 741
963 -723
-493 847
870 -642
233 290
191 -832
-655 163
-535 -906
86 2
-965 646
582 -218
-559 -37
91 151
632 -106
472 22
-343 -492
-237 -276
-146 -356
599 703
561 208
-781 -814
657 -177
421 829
360 -120
600 516
486 -743
-765 604
333 -874
-815 -339
-302 220
-612 -599
-331 -887
345 -334
-62 683
-115 406
-360 585
-447 -180
54 536
-47 682
441 -380
1 -935
503 272
323 -140
-318 681
-985 594
-739 711
-921 -602
636 508
36 354
974 73
-439 -993
120 836
416 -556
-858 -153
-980 840
-99 -641
588 -67
934 -700
-982 -166
466 -869
182 -730
-382 -273
813 962
-760 887
-379 -529
879 -116
-172 403
-176 488
280 -333
737 -211
-52 447
651 532
-554 823
865 -409
317 716
-721 956
-895 66
821 986
-860 500
778 855
-835 -898
-80 -336
659 -521
210 559
736 886
133 -218
-855 14
162 -28
-932 157
553 473
135 751
309 630
397 -239
421 -297
37 -341
652 296
6 -735
184 -903
189 93
-902 783
920 -454
425 -93
-95 970
-558 -213
790 282
-20 982
-586 958
-499 -371
420 644
-990 527
852 67
-950 -251
903 542
-329 -931
765 812
513 953
-451 -957
-836 228
27 391
28 361
812 867
862 -679
442 -756
-744 274
850 658
-951 -55
-133 149
-588 -486
429 -229
-828 404
123 -864
516 541
-681 -980
-329 991
735 -323
366 -859
643 947
708 -29
-381 65
-141 -276
-544 -692
620 428
-661 -670
882 57
-567 -540
-756 -186
288 -262
592 -175
-665 -830
-411 330
-208 182
-135 797
-583 -165
-850 -907
-541 720
230 921
416 -681
809 -321
-312 405
-953 289
-757 -884
110 275
535 564
-357 -928
828 933
-56 -213
-910 290
470 -237
-136 -821
-170 928
-365 335
-274 21
-853 661
345 52
701 599
241 -964
-951 -239
326 -978
783 423
836 -107
-480 184
637 669
412 735
-49 -158
-439 552
194 495
-775 -304
-472 -142
-859 -403
-445 689
874 -20
-613 652
884 -305
670 -838
-203 -554
833 849
-697 303
-588 -452
566 -827
-424 653
48 727
965 740
276 834
-62 -608
201 -418
353 -930
-277 -457
352 794
-732 513
-878 379
722 -18
-141 417
-43 -438
-113 -209
901 -889
-648 34
990 422
-459 -462
419 -704
461 -946
807 403
745 -189
-336 446
-25 -205
592 575
-840 -949
-319 -437
818 801
74 -583
227 -851
496 -107
-785 -574
262 -109
415 495
-121 -627
-716 814
140 -119
-129 -332
565 167
356 -980
