184 -935
-119 -449
-956 -857
-800 -148
362 -419
-140 539
-188 -839
-392 -815
374 -589
-593 371
-239 252
231 -6
395 644
-947 -254
727 -494
137 -419
610 746
106 -663
-649 -124
-563 343
-817 514
-133 -438
1 31
-526 -739
563 268
390 986
-43 -313
376 -571
-371 -927
-263 -748
-753 -211
-62 734
525 -30
791 588
683 795
394 -383
29 -849
938 878
272 985
235 282
-139 282
69 -365
233 -118
-939 -935
-160 401
-512 -136
-759 -662
-911 676
-765 109
-314 704
-873 349
803 811
36 725
-923 -771
-74 201
-270 -201
-527 -485
-435 -267
281 -493
-741 848
662 -562
77 544
-391 -88
-234 -707
341 175
651 -33
-16 -571
326 -838
448 -24
118 20
-227 561
864 369
-417 274
-599 -54
-343 -10
866 -73
234 -414
-615 645
-853 -455
-885 68
655 832
-253 729
544 -473
693 -5
-42 409
491 628
-820 -162
-455 30
58 -16
-839 425
-977 -714
-447 -753
902 -555
131 653
549 398
-155 370
-626 -763
-275 359
506 763
-116 -644
765 401
769 148
955 11
426 216
970 -327
610 -340
748 -653
20 -84
-554 -238
-436 859
-943 709
496 -866
508 23
-956 -91
280 -671
170 -766
-975 746
131 -971
-427 764
85 -983
-807 -484
732 457
-729 157
-928 -188
775 -699
279 -434
-980 -843
-121 955
-706 289
-924 221
178 407
125 -305
-697 797
182 293
-204 -91
323 290
302 -139
245 -458
419 631
158 -730
143 958
818 198
-899 -893
584 -218
887 -969
536 -873
345 -283
-478 -301
-860 76
563 -413
627 154
375 622
925 649
-261 792
-381 -119
902 655
60 -945
-713 -221
-449 907
-655 597
281 313
-783 -417
288 -396
772 -394
547 100
481 752
56 -240
-353 22
-908 107
-983 826
-610 -904
771 267
889 -345
-565 727
760 -590
-487 812
939 664
151 -671
449 -202
-963 77
617 -498
40 -882
892 451
-345 430
-7 -188
-81 775
855 224
-584 -734
-223 -624
355 -609
-820 -810
-278 -267
-252 902
-814 16
-537 366
-614 -92
-103 -691
-845 -623
-727 171
183 783
-190 -450
481 -981
-164 -914
-72 286
-936 939
256 -494
-977 653
350 798
238 77
552 579
209 925
-158 -2
-931 -815
-898 30
-371 672
-163 -916
534 -845
-770 -159
782 -391
-519 511
-614 -316
-690 328
193 654
373 -134
78 -810
-40 668
-729 -837
297 757
-470 549
-356 676
627 440
894 219
778 952
-827 -341
-140 -224
774 -925
-894 924
-952 131
-548 949
752 57
156 -489
-839 333
807 594
-243 22
704 -749
567 -118
660 -705
-237 82
-142 802
706 -870
755 14
725 602
-456 57
-543 398
642 111
-965 -875
697 770
525 -568
-166 -457
-979 82
-987 -651
673 -375
898 261
-947 526
-654 917
970 648
-57 -195
317 606
-627 898
-551 -869
-990 -493
-722 947
-679 -796
-687 -816
-497 924
-575 -651
-844 -480
2 307
298 -116
841 1
-210 -679
-884 804
-927 809
-763 -140
-334 382
-612 -464
-239 129
-339 509
147 387
127 -594
-117 -609
516 -908
988 -519
537 374
-260 -192
820 -211
329 428
-966 356
-426 878
230 626
