552 385
-860 196
-183 -999
473 -267
255 -310
163 -159
426 534
541 -318
-455 980
-278 302
430 23
952 765
547 -877
-413 537
-521 -933
-637 -503
-680 -658
-844 -329
71 509
988 -233
559 -917
-636 522
55 -688
-884 -565
840 554
-11 -704
-25 -368
47 -236
-642 751
642 573
86 591
-706 -119
755 244
662 476
-483 -990
-830 479
30 662
234 981
681 901
536 -239
65 895
484 -754
135 337
-520 -134
-27 882
367 546
-197 933
587 -171
379 439
-462 -643
331 -505
363 -318
60 -347
-473 -519
-964 -729
-114 111
70 -352
-294 -672
740 915
-940 381
50 -869
-451 -450
546 -583
-993 -30
-224 -562
-143 -972
-136 810
-243 519
161 -746
-701 597
831 674
-255 -530
566 580
-88 714
976 -25
588 -431
259 -173
614 170
-719 -499
-283 -753
623 -188
931 -572
110 -879
-638 29
-745 174
269 -866
-779 792
-48 648
-829 470
982 -645
-332 -364
-601 442
814 -536
829 96
-524 757
502 222
67 283
-397 -334
-842 -533
-987 468
-359 -856
722 -834
-102 -246
796 656
-54 251
29 261
-314 308
-610 -875
36 -103
872 52
-100 -408
-320 -127
-73 -813
375 -131
-9 -181
761 731
-912 667
-766 -718
442 94
868 -498
455 -913
-504 -529
-754 -562
-721 952
-674 -326
-397 -779
-339 516
522 159
924 998
-40 877
207 -74
-747 996
-742 803
-686 -460
396 498
702 -963
144 -386
580 294
-671 -695
438 912
396 -822
-721 338
-498 234
-927 270
-387 858
-829 552
380 -751
487 307
-794 761
674 455
-882 -52
-73 729
-413 248
567 -478
31 -935
776 551
778 -593
-18 814
-653 619
210 -204
-312 -390
-603 957
147 138
-152 -612
35 167
-662 -249
-476 70
-186 646
-753 -383
654 -249
213 -384
-522 20
-781 -382
446 10
996 -693
852 -597
680 15
-928 169
-173 304
-93 -316
661 -569
-756 747
-742 15
-388 250
-964 811
495 766
-256 -784
808 84
516 -635
-693 263
-745 -599
-459 -472
-668 269
416 -595
577 -994
-841 -499
754 203
-336 541
-427 -379
910 -529
590 -797
-306 609
683 -177
607 -551
-960 161
329 342
-479 517
694 -431
301 -303
-336 -34
575 436
-765 876
498 553
5 66
-894 -332
233 -107
498 -2
-939 998
-645 130
-622 715
-983 -658
868 -464
807 -512
889 -459
110 726
-789 -957
671 -962
672 -954
447 -636
-253 -603
-290 -117
464 -285
173 -458
-959 -637
-970 -722
131 -100
855 7
382 -505
965 955
503 658
711 941
-386 -72
793 -380
991 388
596 153
-697 -971
-962 -950
-250 926
622 829
-788 863
-526 92
-477 633
-126 358
16 199
-361 -89
-851 -614
322 -917
-301 -121
-347 -985
-804 365
-202 -752
578 -993
-268 -111
701 -396
815 -287
586 491
82 -253
510 -960
946 -539
841 253
507 785
69 -921
443 207
-971 -105
-956 994
910 -507
-450 -205
-228 -885
-685 -347
-200 779
46 470
-775 387
-988 -862
-916 295
801 828
705 -915
-703 -458
250 360
372 -359
-39 -559
-651 962
-852 -792
-25 647
-765 -601
-103 -157
-922 -681
-572 -814
904 266
-26 990
-632 -385
