692 -997
-291 82
393 25
926 56
-88 -985
-113 -287
-775 587
-480 -864
-249 -431
788 -958
832 -750
693 811
-747 -880
-836 232
529 -382
329 187
545 -185
-244 504
421 -977
124 930
-423 184
276 -883
536 -448
-670 251
812 -490
-560 -115
-438 452
-660 -83
-333 -778
-120 -981
940 -902
-579 534
287 718
-402 688
-39 -933
-170 483
-678 -742
209 -718
426 -76
500 -95
819 622
238 722
-325 -38
808 311
965 688
19 -474
-416 121
-171 226
-338 619
698 -953
-113 -93
258 -6
568 467
-942 -266
534 493
-346 -764
-476 -670
-536 89
-66 491
14 630
761 455
673 786
-157 -895
-306 420
-447 -470
543 458
307 793
969 -623
526 985
394 -793
151 429
193 -83
-523 419
-413 204
-833 -8
-405 692
407 434
235 -854
302 981
156 -923
94 -453
-577 327
126 207
-707 -960
-546 -191
-317 -544
-748 -361
-515 827
-965 621
-701 -424
71 7
348 101
-13 -78
-614 -855
328 -533
635 512
602 -806
-720 -898
625 -535
494 -482
-658 -907
-535 -979
291 140
-798 -60
-284 -953
599 304
882 673
-163 -748
-841 623
-234 -618
-929 715
-837 875
651 -587
-137 -336
-476 136
415 894
620 994
999 673
-304 -97
-206 -908
105 746
-804 -133
306 -516
530 -247
885 450
278 -129
-694 -246
522 -530
-949 510
-524 48
-968 75
-850 -457
201 -740
-284 527
-519 -710
-775 -535
877 268
-209 -225
-722 -604
482 436
-312 661
-204 748
-133 -136
855 -383
678 -842
-448 510
-716 -859
856 -791
557 -862
-865 -354
928 255
779 -290
769 594
-533 486
-815 993
-499 -701
-488 -153
-420 655
-875 516
-524 561
-354 -221
-824 550
662 -339
-747 -16
-257 367
270 -896
450 292
180 99
-110 -713
396 -240
559 68
-952 -770
690 -903
-821 -644
-721 -810
-393 -146
-965 419
-132 -253
265 186
-709 -461
-572 573
-559 842
723 -347
-714 -18
291 -528
328 631
435 -415
648 394
988 544
-548 -293
322 -743
-605 967
804 761
785 -35
177 -188
-840 -638
-560 -676
-6 224
518 599
-611 -517
-929 -963
-813 73
-1 -986
456 350
866 866
-936 481
540 115
864 -456
922 344
159 -18
-732 -814
946 927
651 -677
-66 -676
693 743
-823 22
-936 -793
-577 -790
-983 743
-544 680
357 -574
923 909
840 677
-536 -936
528 -979
-825 -242
400 678
365 -498
-571 109
-761 192
599 999
141 -22
-857 600
381 -118
418 235
-992 -744
-55 567
846 455
372 231
-674 -283
-135 -237
186 260
-172 652
591 -924
-757 53
844 -436
-850 556
-243 -120
729 -204
836 -542
988 996
874 634
269 581
766 -291
-380 932
-135 -413
-227 -378
980 192
-557 423
839 -690
381 -705
274 -372
-943 29
297 90
697 125
-10 854
673 -229
406 -459
558 164
809 -459
-149 867
528 -510
67 -162
-928 -59
-252 -634
108 -20
-96 122
273 826
554 111
-847 -659
920 625
95 -782
-77 -66
-686 758
-738 748
-567 81
-101 -316
822 74
805 302
-474 150
-714 -478
-274 984
391 -775
807 -386
-722 757
615 854
606 -488
-117 394
-501 -342
413 328
