320 213
-818 -252
123 -722
-37 -716
-456 24
-733 -878
-217 -122
-396 -908
743 -355
-814 826
-743 -644
-779 -897
-434 -554
594 -536
-878 -386
-35 565
-222 632
933 612
-386 -767
676 307
378 -4
0 955
-409 816
368 -882
501 728
803 699
907 720
-447 -289
234 -587
380 -255
610 -939
991 -319
668 -545
-190 -766
426 886
-521 -425
-11 791
409 -601
408 -246
-960 102
-671 207
908 -88
-277 -965
-375 -942
-674 860
-653 384
775 -434
-167 -859
-671 567
341 -528
-299 599
-19 -725
-253 954
-617 154
-234 -531
-195 439
-223 -168
920 608
490 629
763 520
-1 -147
-258 466
-362 186
-475 482
-573 701
-149 -586
349 358
594 308
535 -831
642 754
73 559
25 335
462 -464
-68 321
534 7
-516 407
-38 909
290 38
502 332
507 27
-999 -332
299 -712
-833 -879
-604 151
-868 956
-811 -538
164 979
617 -251
337 -856
-286 -152
360 -411
-338 974
470 121
-990 -750
-838 -109
-631 -951
404 867
-820 -433
-190 275
275 -774
609 912
549 230
612 -286
579 980
389 -82
-227 842
-136 248
373 -92
-187 -119
601 145
-220 -751
-511 -250
-265 -915
-853 -779
910 -182
253 -956
386 6
-226 389
229 850
-839 -313
959 659
954 994
866 798
810 123
-521 -284
-991 -340
-930 -641
-715 -664
578 -364
-283 478
-195 -538
-905 784
319 -992
-994 -640
776 -504
-517 -945
346 570
259 93
354 -377
-567 257
423 -249
463 -555
291 488
-72 838
-500 716
-262 -552
-408 340
87 770
-676 -472
674 -102
-792 -524
489 22
-413 809
-793 406
613 539
-198 -415
-472 516
766 -888
528 119
-784 -1
415 -405
-320 -209
713 943
935 -385
-870 -776
574 -793
506 -271
-444 -806
-410 -305
-963 -225
-888 563
-615 36
788 800
258 423
253 519
202 752
265 397
187 -753
679 534
-111 -882
809 -396
-520 -984
285 -419
286 -770
-582 705
887 -469
-681 -261
-621 -868
-387 -509
-809 -79
-638 -830
856 -51
780 197
599 829
-281 -452
-51 936
-834 998
-539 666
961 557
-996 -794
-850 -921
338 -627
855 951
684 426
-386 -448
-23 428
-723 236
342 130
480 -46
565 -378
988 222
763 -619
-555 -808
-328 11
-42 388
558 146
334 -377
-992 -437
547 -464
768 809
593 -947
-205 -806
-762 -255
-379 -116
416 189
-31 -179
891 -350
508 -787
250 -438
89 484
-565 544
-799 -390
85 -184
-65 -886
-522 953
619 -846
-657 210
-473 673
-271 -103
373 970
184 -743
-680 -147
-176 361
-659 -300
-300 703
926 -351
-198 -776
727 -405
-544 469
928 579
153 -392
230 733
-189 -280
58 794
898 573
498 970
127 -822
497 -99
677 -731
269 831
-822 573
622 756
-867 -332
130 -331
79 311
-289 -435
-436 319
-856 640
-847 670
245 -708
976 817
-564 -15
484 -755
525 163
347 -969
959 373
-563 149
836 967
453 -489
-624 -835
-609 -74
-162 837
874 741
999 108
744 -93
914 -427
-931 498
-311 845
211 801
-586 -742
-25 -819
417 -868
600 -623
743 -694
-283 535
-446 -19
-915 -586
217 267
696 839
-667 -968
