-333 754
219 807
-769 50
585 -530
-290 -747
319 -611
96 -156
947 -763
-149 992
-275 887
892 137
954 -249
533 571
571 211
344 -592
258 -887
224 168
-536 889
7 -944
-345 -456
-537 -942
-700 -494
-177 -315
-932 -612
311 317
-414 347
259 -431
-191 -445
-444 672
-977 98
939 -103
-404 596
-492 419
896 397
148 232
-671 -523
-981 -361
547 595
61 71
37 -366
-427 -491
-176 -419
-821 -95
833 -900
174 382
-801 -183
43 719
-77 -197
892 -584
-810 -179
-53 -91
-461 143
-835 -138
732 -842
13 -971
-413 173
659 960
-992 797
-412 469
-306 642
870 -305
643 77
337 -816
-115 784
-419 267
-581 148
39 -869
-29 535
586 -614
791 -799
822 -27
-794 534
792 249
-223 -898
331 850
-551 -260
-73 -97
-978 555
-284 456
-693 314
-488 62
35 365
973 799
272 -976
-367 783
-389 -128
-186 67
-285 461
127 -924
932 -547
-665 162
591 -196
-932 737
532 581
594 748
961 577
-113 580
317 -919
455 -341
202 -176
-257 95
-1000 -11
432 -537
-640 -361
55 -783
783 -224
-649 -133
-370 808
727 585
-488 -573
710 813
595 -819
799 587
-410 -895
-188 689
280 -460
844 -194
358 349
954 -188
624 -498
-985 -572
152 -208
757 709
-978 -401
250 323
-264 -914
979 27
-859 538
-902 609
-186 125
-791 143
872 -601
-509 583
34 -322
-16 324
341 -890
-27 -340
-296 939
-221 470
212 -416
-119 551
-600 961
-517 -606
-11 72
-649 -815
-547 -213
-408 362
-356 -486
897 164
101 -961
642 -131
19 -699
626 -26
-400 -206
-403 627
122 675
-82 -291
-253 449
291 892
162 -197
442 -416
920 -247
141 -548
-637 568
-336 -876
911 507
-520 -135
619 792
-989 157
-265 -918
357 641
345 765
152 423
-965 791
148 -187
-863 -986
-128 -853
-218 -698
-1000 -960
542 -102
-691 193
580 308
-229 429
-698 -68
-421 851
-981 234
-710 -849
715 716
423 343
-786 -653
248 905
612 -809
163 -407
-529 353
-638 -435
-986 464
-791 -520
547 -456
901 -635
-692 -769
998 803
-280 -679
656 -47
279 -823
-648 73
-584 -376
727 556
-509 797
-422 -724
-392 -611
926 -717
632 -195
346 201
718 -948
388 930
88 -370
-770 802
-476 351
82 -373
915 323
797 313
-784 -686
816 -858
-779 429
638 -976
454 -883
-778 -801
-837 168
-886 430
-187 -212
-499 629
702 296
342 531
-966 490
-923 770
-624 -265
-957 -62
560 -749
128 -578
436 -430
250 833
926 847
182 -555
-586 733
76 421
619 -348
-936 -207
577 -191
-425 582
390 -328
185 -360
144 981
-410 -390
634 -641
-526 -368
-62 -572
784 -861
-894 317
263 -209
-693 -667
-49 -623
973 -293
929 804
29 620
188 950
-61 854
932 175
804 650
-741 -662
855 647
280 348
-779 -658
583 -220
559 274
-567 681
-130 256
330 91
496 827
556 -825
-106 -948
-259 588
-260 864
-764 365
301 -123
-528 400
398 191
57 -175
43 553
-865 -676
-588 -802
500 208
431 417
-954 312
113 990
348 -402
-552 -262
-433 -738
-995 -448
-151 -548
-56 895
