-16 404
939 -711
-92 -551
373 126
-54 -438
-949 813
-221 544
329 883
266 -601
516 -388
-743 829
-406 1
-522 -233
788 -346
-11 326
-57 -219
-597 295
532 -496
884 139
5 -446
460 499
930 173
206 104
61 164
-348 -509
-705 -373
49 -744
307 -864
-76 43
-988 38
893 337
56 -841
-26 -40
943 123
-308 -281
-491 -676
-888 -886
-229 376
-998 925
752 662
181 116
708 671
-404 68
-362 158
95 935
770 -712
-379 -653
-15 326
-743 593
-907 755
468 554
94 846
-428 -379
72 802
447 84
-731 214
483 973
-281 970
-715 343
-904 218
480 703
76 -855
-738 -46
848 0
-311 -807
987 -321
956 -164
972 -64
470 339
-250 975
875 -209
730 -454
344 -186
428 -429
-401 21
-954 540
431 -541
-659 -906
694 -473
-65 -4
-335 486
564 -402
321 -699
-411 -141
326 900
-956 -171
828 522
-844 -49
-734 -656
481 -364
-248 -123
981 -48
-319 -973
131 -955
-745 -904
202 -126
-550 152
403 -482
-512 122
-318 -208
37 -383
-253 -79
-731 0
-398 683
310 384
788 683
881 872
739 947
-868 582
169 -688
991 760
-63 -573
-484 177
-623 600
-333 -713
-957 624
-20 908
337 644
-326 811
878 -690
-125 777
873 -86
345 -256
-922 355
-391 -2
796 394
487 931
990 -860
-794 -190
994 32
-875 -356
-954 588
-800 -104
142 -128
497 -205
685 -410
-664 349
-491 -143
256 649
654 517
848 -442
-837 -866
-883 -642
-260 -758
63 454
-671 674
-873 731
568 346
-344 -108
384 100
47 -84
466 60
506 -708
-445 122
-256 -886
-83 138
-192 72
-150 -505
930 519
943 -910
-57 287
682 -678
-210 944
-971 501
712 410
409 985
-942 -154
222 -215
56 -351
484 376
-587 922
-966 -794
999 -441
-554 -731
-291 236
-971 604
124 574
173 -826
-309 -20
251 -371
-788 756
655 -155
-956 13
544 332
411 130
331 309
24 -253
876 -767
749 -967
821 611
402 -844
612 -419
-153 525
-995 -420
-683 360
159 -19
-323 -597
542 938
132 763
2 931
-673 222
-525 720
-92 -784
360 764
-919 850
-535 -47
-808 -563
627 -52
-829 911
72 -799
572 -484
953 101
448 -467
-910 -740
21 615
640 56
-536 -379
40 166
-50 -712
-138 285
-386 360
410 588
-927 600
-655 -121
-685 -698
364 -680
-216 352
-869 -731
-308 -642
-893 82
60 -687
862 510
-238 381
-687 -723
459 -378
964 879
-67 -174
-241 -498
811 194
186 149
152 612
-415 263
-201 -493
-339 394
-445 -291
-869 365
449 288
-158 466
-124 -863
-450 -672
-181 968
-259 854
503 -965
-547 734
103 -521
668 -698
436 -948
937 -722
677 -736
80 -747
-492 -468
-998 411
-420 -217
-990 -696
-301 -628
-592 -927
883 687
554 -449
-359 382
-642 104
119 313
-319 -394
471 107
-995 552
574 502
-293 747
400 -596
-472 2
-432 -755
-977 597
968 -807
-687 -658
661 -957
-835 -988
238 -778
-717 -59
-863 -673
173 -562
-175 791
420 -822
-359 -397
393 -551
-496 576
379 84
-659 809
333 -123
-944 672
453 -103
693 -605
-960 -57
