-542 117
731 -231
128 -630
-560 -388
-107 406
365 -201
-824 498
-588 -326
-503 57
107 -200
19 -495
-341 -718
957 126
421 831
-650 305
391 -76
-805 340
705 -260
786 -664
109 -22
522 288
192 -46
-143 354
920 -118
408 712
715 -996
-51 -623
-690 141
145 -331
738 53
801 496
925 -133
-945 642
715 774
932 971
53 850
686 641
21 572
271 -628
-72 67
67 -310
391 -186
-943 -733
374 -224
910 930
-712 -317
918 -658
-400 -399
871 845
-416 969
-158 -571
336 -361
-640 -336
-911 -75
-652 706
-223 -209
-141 411
47 114
-71 -439
223 -520
-968 -742
-650 -589
-638 219
980 -544
456 -787
-905 442
-398 88
-719 -977
937 -993
-643 718
32 641
-980 -583
329 -152
-445 -722
246 480
189 -738
76 -424
-39 155
-732 -777
-865 -930
-759 -23
-640 743
903 862
-687 858
447 -866
174 -708
26 -899
779 -691
374 943
-604 691
9 -635
-769 913
459 62
32 1000
-902 329
207 486
527 18
-953 924
69 -352
-623 233
-80 -872
-369 -22
-742 395
-210 275
-30 -156
-930 397
-436 655
50 174
-417 -733
68 37
-985 893
971 139
151 -360
684 40
-405 -205
-51 -550
-398 535
240 681
427 -101
887 -747
821 509
899 -367
478 519
571 681
-94 832
-205 -394
-812 -732
364 52
187 -700
-639 750
-761 976
-729 -38
-256 711
-493 -333
-15 -409
527 -64
-486 758
-132 559
217 262
129 -208
-379 951
-572 366
71 -65
-434 -275
297 -823
337 510
464 -416
69 -737
284 -863
-103 199
444 8
-607 792
145 -55
304 567
-191 53
178 422
945 -538
325 -965
985 150
-414 -949
583 834
549 491
170 91
-653 855
-317 -34
-484 -264
440 -389
75 732
784 286
575 -164
331 806
836 -445
-798 -208
-979 -706
-67 589
-791 740
-916 885
921 925
-805 786
790 -615
824 -644
25 12
341 251
801 -727
605 -71
230 425
-704 -376
-195 594
-128 -239
-490 803
-286 -447
446 -434
-161 572
-150 -276
225 270
-387 172
885 864
-353 -199
-203 -795
-545 -998
182 -945
-906 -665
701 997
-824 -46
-584 -645
169 -707
222 479
345 -406
758 9
-74 -325
-593 -842
532 870
-909 -930
-903 136
126 963
-90 642
25 -427
27 -272
133 295
450 673
-656 186
-689 565
577 439
-332 -765
106 -239
-808 565
790 -878
-316 -675
649 269
-788 930
380 -533
782 299
-645 252
-375 -237
-221 -150
-612 -33
-367 -903
15 331
276 119
832 239
-84 397
-593 -745
-596 559
-83 -296
-621 -221
-165 908
-270 -109
195 -193
701 976
851 360
-666 -927
-553 467
-586 -449
452 709
196 468
-501 723
161 611
506 -454
595 -175
291 -140
735 -514
697 197
-436 -965
431 -79
-898 194
-20 530
-513 987
518 195
-101 344
-67 373
-267 204
186 100
455 -193
-491 -749
812 -651
291 705
-222 -824
-443 224
637 669
344 820
-429 598
-427 -362
243 924
-6 -472
286 889
519 -997
872 -112
317 32
452 -397
-250 -23
-843 -947
-692 283
13 547
902 -743
815 -276
-644 -946
472 -511
385 -373
943 -142
-241 294
