-90 346
380 187
-225 336
992 -654
-312 -654
537 239
-725 136
-749 -881
32 -944
-564 -841
-443 -941
-339 97
165 -45
73 -773
592 -915
268 -873
-863 918
-64 -259
256 111
-5 951
-402 930
366 902
-436 -333
-859 461
686 -601
125 783
-676 825
190 827
-785 -299
-687 616
-220 -44
430 262
500 -214
731 -479
-134 -349
-454 693
967 540
423 -903
977 928
552 80
-989 -426
-174 307
472 608
568 36
668 -237
943 173
628 -685
895 -870
438 -636
419 -233
-601 -173
524 924
-90 -923
522 40
472 766
615 -349
630 -724
-207 676
873 831
-403 -235
895 49
-477 -903
379 -970
-175 944
-546 -546
994 882
904 -729
169 559
-980 199
303 -998
-542 904
-856 -527
-236 128
577 777
-143 -607
-379 -154
-956 -66
508 30
-964 177
880 418
147 125
-941 917
-899 598
697 319
486 670
-900 -201
-825 -134
-283 80
-373 550
-222 804
192 102
-434 -810
-491 -468
-214 395
104 21
673 -453
456 -697
-857 304
51 -216
791 -361
-655 40
-691 674
721 -522
254 383
-110 896
-197 -951
757 477
93 -535
538 794
-173 534
425 405
662 -594
-858 266
-746 106
-241 -338
63 826
-874 991
867 267
852 673
-244 -451
-59 -916
-379 685
-88 934
-405 183
261 -25
-769 -227
495 -585
108 404
625 -210
-944 -799
-650 -8
221 716
-715 -837
932 -164
746 272
-306 -860
424 -526
-320 -681
762 -599
908 403
865 -298
-947 -375
-10 -375
482 -385
-973 -829
-828 371
-207 -14
910 548
968 -228
797 265
781 -688
-737 610
483 690
241 -980
-123 525
-699 -480
125 138
-919 402
-681 -120
-749 -734
-16 -711
247 174
-261 -513
-231 865
-209 -566
984 -998
247 -208
375 723
-289 -647
-252 410
-861 -740
-833 -717
-286 537
938 928
111 -151
-720 -279
791 43
-525 945
682 385
220 326
492 -27
-552 -465
-930 944
88 887
-896 31
-425 224
-82 -484
740 -687
442 -537
-765 683
608 -517
-83 -927
333 -531
-686 -855
564 937
411 273
404 376
-282 411
841 -201
289 -241
-353 51
-637 344
-3 -934
-873 399
49 -241
-137 -403
827 924
-108 -127
-481 241
-400 935
-553 -646
151 317
-954 -124
986 557
594 -197
881 436
-143 -33
-851 246
-971 207
-657 113
-397 456
-44 -68
45 41
271 -583
-461 471
-576 1
291 -187
-802 921
-718 -688
456 564
30 -762
398 -450
-403 840
-859 257
-199 208
911 446
651 -934
-813 -855
387 502
-419 -60
-365 -918
711 513
941 805
745 -755
-422 387
-504 582
-10 -356
-705 216
-298 171
500 -189
-791 -667
-473 297
-203 -6
-556 430
-919 -814
-86 -999
594 -181
-694 -700
825 -230
-635 -105
-290 -92
-446 -742
-65 767
-927 678
526 777
-398 -148
233 -983
727 438
-280 775
-225 -602
92 -240
-58 -986
-396 -698
999 733
-182 -510
-390 -698
6 -60
-804 740
-160 304
-447 -551
271 137
-829 691
-85 519
-805 -700
-615 725
548 66
562 -996
-362 -616
585 -757
891 698
-660 734
-304 49
413 -862
612 -410
302 -861
-330 104
-911 -893
-517 994
-77 -354
185 219
