157 378
-861 -591
-637 -124
-24 -690
-928 -678
-109 -810
267 150
-106 -565
273 303
220 273
-628 -260
-428 -348
62 603
-488 990
151 -402
696 113
332 -844
157 -601
-451 695
-880 278
218 128
485 -781
-589 618
169 -945
-243 138
-707 142
-896 340
-194 -743
103 370
-936 953
377 -313
-207 -359
-420 -362
-942 -984
-997 -527
22 218
-92 945
403 948
13 -769
-963 369
169 219
254 415
-835 -619
-215 -33
890 -304
451 -13
395 941
533 -194
-420 -305
-910 458
335 -150
-916 -271
-609 -725
-261 -864
137 606
351 473
-83 764
954 575
-511 417
564 516
-690 -910
-207 248
-599 -651
908 877
243 -221
71 -732
-105 -352
-294 -558
-571 -54
587 -979
850 -400
131 -227
-442 -141
261 -301
-812 92
132 -111
-467 -298
243 145
830 20
-28 -250
578 629
-120 953
-326 -640
272 138
162 -534
264 312
-710 -246
-422 531
644 -358
-621 582
499 997
-900 510
880 918
546 -377
369 404
559 -894
-379 480
47 -918
-934 545
550 -765
783 -659
405 -798
31 -607
-336 -263
29 116
68 -384
-608 -65
-220 -619
-437 -103
-164 -405
430 -498
-738 105
251 526
-652 -255
753 -182
760 352
4 -168
272 545
-319 -17
-613 446
152 -380
-373 -236
-29 -997
-805 794
-859 -978
-520 286
171 476
647 -767
-273 392
-731 -329
705 21
651 -997
-76 -766
-89 -202
205 233
-997 -861
283 313
-10 471
-194 -860
569 -153
445 360
-372 -314
329 -495
418 -390
477 -234
-937 -617
-948 -60
558 -623
-394 462
-940 514
77 -42
-232 -149
342 140
-361 -97
-71 -791
-623 308
642 941
664 438
-438 -413
-442 -268
896 -753
597 573
-410 69
578 -79
-499 638
-132 516
749 -151
-658 956
-132 954
-850 167
-963 -199
-875 -661
259 330
-779 828
-776 -971
573 907
-154 -314
-248 -117
328 -184
-400 883
-234 144
250 124
-629 -971
198 907
-631 26
-415 505
459 -760
-18 967
-144 97
-590 -419
-129 -8
-841 123
-988 419
797 157
-884 -322
408 -426
66 -906
794 322
828 129
26 291
-169 -265
909 -213
-866 -450
476 -395
-32 715
-827 449
-976 510
-37 795
-414 -246
33 -572
867 679
-742 -443
-27 -522
-204 574
57 -520
648 -768
303 372
-696 -727
-432 -383
-141 930
202 -113
-325 270
-881 -887
-867 90
-182 -237
-426 -361
488 980
574 457
262 -362
-887 -621
270 705
-84 18
-550 49
-883 64
-554 766
629 -147
449 871
-475 -425
-917 490
828 -234
746 69
-241 597
-418 428
409 -439
-177 -937
-533 204
422 308
988 -568
723 -373
-82 890
-308 -882
175 -551
562 918
-428 -707
922 299
-613 -724
869 -746
-563 -254
-752 230
-42 -568
328 -519
661 -357
-568 263
345 -858
953 -344
-726 -225
867 674
-559 -399
627 -186
214 665
-671 -352
-892 -980
-645 -841
-189 -988
191 27
-916 -813
-352 -440
613 609
46 -219
512 364
120 -765
-780 -80
548 812
745 -625
-791 -281
-513 -623
-553 -335
-938 920
299 -912
-61 668
247 669
572 -986
-666 374
395 498
-173 961
-503 706
884 -885
-6 -609
287 157
-678 -202
