-831 -895
117 -365
149 -117
-519 -890
-157 592
160 -360
-261 666
-918 243
471 -201
435 -823
793 -451
-265 -510
27 84
-890 427
-110 295
-843 -417
806 350
946 162
610 981
978 487
-583 -834
-800 -559
680 399
-301 932
873 950
443 -171
-366 570
134 51
328 475
-863 -802
-975 299
373 -44
9 -409
-738 908
678 134
-445 -103
-762 -335
380 -818
3 -217
562 -530
953 845
-350 719
969 -808
-129 310
469 473
817 160
-709 850
-909 -561
-339 -831
779 -523
-383 -943
212 -615
-241 12
850 906
702 805
795 -488
268 -322
-550 -60
-93 503
-561 -971
-74 478
-738 -64
-206 -545
61 71
-179 -930
-623 441
535 -275
-778 886
571 963
354 -111
205 448
-864 174
814 -693
1 729
17 758
726 559
621 331
736 368
517 23
879 -555
572 361
299 -832
-693 -902
491 919
-501 -602
373 233
308 -271
110 -37
963 634
-825 964
51 458
-84 953
984 -512
-974 256
672 680
-939 -727
408 -738
457 -245
-240 -593
-61 867
-165 443
-471 596
-50 637
-9 274
-684 -517
361 -634
286 -116
-349 881
209 340
37 547
395 -516
456 -623
-264 599
-391 -639
-48 206
8 -943
-92 -445
857 785
-490 -295
450 -152
170 781
-211 -238
-120 -937
794 12
-265 546
-154 661
61 207
703 65
615 -395
822 598
-217 238
-880 505
988 -62
-319 859
416 -143
-166 82
177 -163
-694 857
704 -303
900 808
-833 -643
-216 945
-355 274
956 226
685 -562
310 -16
443 -215
-451 -255
231 -153
-266 -417
725 -81
975 779
279 776
-616 -396
-351 -429
185 -704
-186 148
-114 292
-712 -744
517 -368
-956 -627
672 837
-866 -590
859 983
-82 188
-174 696
-825 637
872 254
-55 -8
808 -670
-1000 307
-178 59
967 149
547 921
-348 535
-114 412
763 -840
24 306
-115 -615
-882 -680
919 586
586 -213
208 -979
251 380
393 456
491 -621
326 -558
303 954
330 -140
-910 911
-20 947
-522 118
605 -570
-131 -949
-839 -658
-699 304
-186 -851
-716 17
864 259
253 -134
703 -564
918 -801
-828 -174
431 -324
957 323
-300 448
249 -269
-317 859
-674 -704
-520 278
-109 282
-363 722
-748 578
781 519
-560 -239
-192 -797
-478 95
-73 -339
555 471
679 -688
-806 588
614 -105
518 -124
-959 -388
-601 -731
-823 478
-232 193
-672 -826
850 -569
-570 230
725 378
302 665
42 370
-240 68
-633 -201
-263 -329
-465 536
402 159
-659 210
191 967
-605 443
62 514
143 -920
-242 -86
-828 -609
894 508
576 -492
-68 670
-964 -385
-547 -697
646 -562
773 -662
-159 506
168 681
-15 -227
338 -190
864 447
-553 64
98 218
213 230
463 -953
124 -240
334 -319
-628 -910
242 732
348 -826
721 482
-337 -295
-191 -240
979 -626
-905 -56
388 -935
-807 -109
466 -2
-217 437
254 869
845 485
-832 -245
-63 -685
146 598
12 -975
85 934
446 946
-727 -686
-607 -566
-592 -345
782 -836
175 -296
767 -212
-109 -357
-649 950
128 387
597 802
-266 -296
-309 -381
762 898
-98 -378
39 -420
-190 961
-90 -18
