259 -735
277 643
-714 342
877 0
-784 798
107 110
-613 75
770 -262
633 -730
-704 895
36 -823
-744 683
222 -49
831 -44
-587 -788
-844 691
-967 -883
382 962
994 -98
-918 315
-9 359
51 -996
35 997
-590 -803
311 -907
-860 -950
761 -374
-44 -318
-32 38
436 59
-358 -633
-215 451
92 406
379 -671
259 826
-905 334
617 -819
-401 252
304 -408
-880 -546
-309 5
-376 299
502 -345
-981 -835
-350 570
-674 -330
648 913
165 -317
-776 729
-883 -160
-717 234
154 140
227 252
487 -421
-317 -810
-765 -580
-201 -991
-698 431
-542 -871
441 233
-677 231
347 597
-73 910
-985 321
-765 61
-970 294
231 -377
-877 21
191 -596
955 384
200 367
880 993
-115 -696
759 -379
268 -915
123 -326
287 -956
627 -756
-981 99
-730 -628
114 -251
684 -11
-814 -9
184 -463
-391 558
-685 416
-349 -59
-934 69
-326 -390
624 -174
-552 686
-180 135
308 690
459 -171
370 960
-747 400
979 156
667 990
-129 806
649 696
148 59
214 -592
-931 856
447 92
199 -267
573 -869
788 -404
905 -877
361 950
-607 -248
-167 318
160 -969
-978 -751
-748 263
971 -332
260 -419
331 310
-750 -550
-502 -731
600 -977
371 614
-539 -290
271 836
658 -78
967 945
-556 65
264 233
445 70
-546 -592
361 -477
598 939
310 -625
-605 89
95 -235
681 -102
47 -106
-290 -642
975 -6
57 -168
-978 862
-449 118
-55 719
-695 -637
-551 872
118 -235
-782 -408
-916 -499
373 -89
-877 617
-849 -793
-783 -144
-284 -794
-967 -969
183 -394
656 -295
-482 -41
-277 170
-738 -537
292 -146
991 73
382 954
-136 -970
315 694
-79 920
-874 -811
304 633
-215 -830
705 -819
-366 -369
105 -711
-105 -96
-821 226
-120 -956
620 975
-709 328
-357 456
88 -367
836 636
92 -454
413 -605
537 -365
711 -489
-192 -462
177 -355
543 -267
-576 539
-992 -405
-763 -265
-992 475
-746 298
934 -568
65 -49
-139 693
-111 -535
-289 361
-268 785
349 499
498 -907
-139 349
537 657
-293 -430
-195 232
994 -402
-46 -469
-842 -165
-529 980
-734 -736
708 -908
370 928
-838 -251
-32 244
167 -364
-710 770
504 115
-81 469
672 124
430 484
-465 152
-626 -168
-261 443
513 -266
-827 834
-639 416
699 497
395 -367
652 257
790 715
-359 780
813 165
-631 408
-721 -790
154 -332
348 284
-625 822
-92 554
-631 999
435 499
888 -304
-726 -753
846 -294
401 5
-667 835
-523 875
-645 888
-916 -308
-483 748
-219 -539
639 -59
-580 -983
121 -220
-353 -867
-564 -701
-701 -475
-42 -739
-333 -473
587 364
483 697
-918 125
-127 -163
798 987
703 412
470 -229
584 -167
-892 -201
-863 209
-143 -514
-65 965
-86 8
-245 697
-133 -269
306 619
833 664
-499 633
248 -435
63 -700
22 -997
161 848
-871 388
-186 -253
-91 124
-764 15
731 116
224 -415
-988 -594
-982 216
70 -418
574 -404
595 489
814 372
120 -279
222 133
-739 49
-637 -995
818 -774
335 -389
339 -564
-759 -19
384 -707
116 -891
-960 -999
