358 -229
931 434
-735 269
600 413
953 357
557 -77
637 -225
-429 407
907 -285
990 748
435 796
-905 196
644 761
-99 -379
399 -881
136 -250
-908 452
471 -811
302 330
-927 526
-779 441
-200 641
948 487
-115 24
-127 120
-692 395
839 -847
751 434
-684 143
969 -577
75 413
507 602
-477 -450
324 273
537 459
-857 535
-329 775
-466 -145
-412 -849
-641 -777
-825 312
-866 -710
-681 -875
42 -712
-20 850
-568 477
-382 -612
-678 -206
131 -679
227 -992
957 -175
-6 49
-626 -791
429 336
958 -996
584 -205
345 -284
836 -327
-959 -365
-327 -44
801 566
398 -42
-653 -622
-637 -511
-153 -800
705 619
178 88
691 75
-703 844
-750 828
153 820
72 174
203 -830
-479 -533
-539 -959
999 439
-568 880
-872 785
-802 -408
-328 455
-499 -602
899 585
137 137
-19 -223
330 402
-125 595
863 607
-211 767
38 -320
-540 -257
-580 916
-277 974
-527 370
362 -671
-282 124
-55 -796
974 749
-448 -283
-175 -877
-847 503
-396 -384
702 -536
91 167
-880 609
-99 -22
-985 644
-139 -717
897 -495
586 666
725 -734
-731 -536
-306 59
-564 -432
-944 -189
-409 750
190 860
295 -116
570 152
-513 620
-112 -976
89 -750
842 -407
246 846
-798 -537
-73 -859
366 757
120 332
-748 281
-138 894
-422 -334
996 34
672 -453
-264 -603
-903 -776
-684 -404
567 -23
884 -933
-81 -813
-352 112
400 140
-452 -556
-841 857
876 473
29 194
159 -92
234 794
-506 947
565 257
-323 874
-801 -672
-701 -91
964 573
-182 -407
305 -114
-435 -52
925 -666
308 -732
-876 672
-341 -137
307 -428
648 517
-701 584
-216 720
-841 149
99 73
-837 -303
-449 -114
-158 925
-621 508
656 -750
281 -296
-343 -495
35 833
-473 -342
-992 803
-393 -318
-402 482
-779 -638
-766 886
77 567
-528 965
395 572
-761 -318
189 304
-350 191
-667 -204
-875 -747
330 -593
-39 -842
-839 -216
275 312
-904 792
260 -730
855 -432
-685 935
783 216
-119 -454
444 -140
-431 177
458 -172
663 325
-748 271
88 757
-242 995
393 779
-137 -748
630 -499
584 -862
-889 -535
-188 -238
-61 588
-910 322
-287 152
106 259
-180 -786
-399 -715
684 648
919 -30
-439 329
-322 51
994 100
776 184
996 -261
-150 -732
-689 440
183 490
-12 -706
213 221
-356 650
-691 -703
-110 858
737 -594
250 278
733 -639
733 -864
746 118
350 -54
399 731
-975 393
-48 -747
-534 -238
717 204
-496 -447
-943 -120
-768 -378
571 -361
-410 -808
-320 -149
315 86
-940 -860
-750 -25
384 337
-958 -897
538 -895
-51 401
-274 -365
768 -355
379 -585
-393 -357
-373 82
874 -841
-448 -352
258 126
208 87
-893 268
-265 -543
-271 -466
206 221
857 -692
675 603
260 -587
415 -778
440 621
735 110
-772 604
-996 -978
809 -946
-52 -375
-765 -347
-122 -763
-753 -17
801 -21
35 665
22 663
-712 -168
-808 169
-817 -861
793 827
281 -969
89 704
590 -146
362 -851
-713 -349
-679 -490
-489 216
302 -879
-60 -360
-543 -580
664 666
490 187
