-487 -82
-233 -100
333 1
426 348
530 -477
-391 804
-185 675
972 303
338 -29
-347 -632
50 -315
-297 -756
-717 -639
-277 722
-203 -479
-512 -271
6 858
-837 350
939 -155
680 635
93 583
-730 778
593 -461
646 -251
-806 808
-629 597
-318 -423
-883 -471
970 880
-801 -493
643 -330
-974 116
877 -500
429 -850
-398 -449
27 134
-877 -520
957 -660
251 852
148 456
-414 9
326 908
-985 353
816 -188
-938 323
829 448
-368 -77
245 806
850 -107
9 263
-758 -267
-560 -573
853 -702
-969 -684
-47 -820
60 -569
-146 390
580 274
-364 872
893 -654
183 -834
-973 451
272 223
-566 -403
-944 -54
668 -990
501 -720
-684 215
968 -318
654 970
346 704
474 523
52 459
-3 -589
-73 -203
-609 -161
-568 -776
191 -457
-779 733
933 -425
90 -895
-345 38
-857 -561
-76 -26
198 106
97 796
-718 863
-505 -960
383 -888
-112 -79
-766 752
-729 -865
-573 824
-562 -315
-246 778
776 901
-348 235
950 -565
-159 804
868 -568
987 380
740 -491
122 835
-376 867
488 950
-904 -223
-351 487
-524 -159
-61 -883
871 -794
-436 -852
-711 -350
801 -136
881 697
-532 -734
667 -455
-570 986
621 -101
-217 -517
530 299
-888 -35
556 841
291 339
538 755
-824 -663
594 466
-288 -314
-110 -494
860 -155
-678 652
839 64
-230 -743
-488 -327
373 998
-689 21
293 -299
-523 -27
388 293
-429 618
-718 248
-556 -316
-186 -576
685 -859
933 -160
-512 -856
513 -754
-345 -83
-331 -28
779 423
-991 341
-608 -892
150 -434
887 107
-144 467
-109 234
173 -542
-119 314
-48 664
-634 862
-592 943
828 88
-805 160
-166 -74
-526 712
581 -549
87 341
322 -760
-49 235
278 -96
220 -271
-388 494
-927 -483
-127 850
846 142
-856 -203
-644 823
-995 988
791 -140
603 530
-569 226
-582 -136
402 239
-111 106
-565 -902
-137 234
435 945
-32 -364
-37 -493
-873 -180
928 996
245 -861
-318 -762
89 639
-828 618
-136 -306
-52 946
694 961
-497 426
-347 946
-473 -700
-311 -469
-670 616
-80 929
994 -517
73 -976
251 -695
954 -205
990 -456
793 744
-759 608
68 992
-435 411
-319 611
374 837
-272 -257
-929 -380
74 -632
141 57
935 -572
-806 -320
-178 45
-989 1
-788 342
382 -703
670 402
-868 -814
-963 272
344 327
-936 74
-311 -671
-946 535
-411 928
-921 725
-328 -989
886 -737
795 -239
-188 592
878 187
324 849
-39 486
-454 -500
-434 626
17 305
523 -876
-236 -874
407 772
-111 537
-140 953
151 361
274 892
230 -38
148 741
-491 988
-933 -18
565 -595
59 822
130 -842
404 -678
-187 473
-175 936
467 -210
9 -105
-666 214
-11 -39
224 -586
865 524
722 954
-538 -317
291 -582
-130 203
783 -790
64 -588
941 -817
-342 -821
752 -63
22 -909
791 -223
455 627
722 655
-78 724
956 -79
-460 -368
-354 430
211 874
254 -715
289 927
172 -293
804 641
881 783
-608 -113
635 64
296 279
219 355
-633 513
570 -11
-839 -491
-197 -991
161 429
330 -497
-220 901
