957 -954
-555 -848
-443 -502
381 734
524 -144
-152 -161
-966 -796
-226 567
-427 -67
-187 298
811 -220
116 794
41 -442
337 -334
-63 -72
836 707
-884 -112
780 -412
434 583
238 -82
-215 -808
187 -927
957 48
492 -167
-570 168
-81 976
-84 -540
33 -784
918 386
350 895
-972 -114
969 -260
572 1000
-177 95
-102 303
-634 -652
257 -751
966 -240
338 820
85 772
-33 -509
-749 719
484 -688
-167 481
-78 -524
-813 369
-266 241
-680 781
-466 220
-618 -398
-829 394
589 464
899 -96
-646 -606
-263 -361
-205 -459
491 365
-807 -733
30 829
278 609
440 847
-429 773
233 26
203 -928
303 563
-585 261
803 3
750 -781
-528 664
-513 573
-292 133
411 625
316 -39
-350 -940
-493 -698
-111 -497
374 -803
512 269
331 -345
678 287
-321 856
-687 833
-675 469
-52 -370
380 695
-808 969
-739 572
-169 -152
-116 221
422 137
4 604
-132 968
-797 -279
887 940
443 56
670 -402
286 613
-969 152
-410 981
918 -376
452 -203
-987 387
-601 -697
-407 526
586 248
377 926
-990 89
308 -103
-482 804
-371 249
-471 717
861 -843
-674 -251
-778 -931
693 280
22 740
793 741
-412 693
-727 -114
-807 783
396 -370
-6 -107
-88 793
-891 -661
50 -936
604 525
-615 -696
165 -651
619 99
257 392
-892 -141
-848 -287
468 -923
103 -182
-536 -365
-192 -892
-503 -487
-887 800
934 722
896 -812
921 -599
-504 -30
410 -214
-301 -570
-684 648
93 -667
390 197
350 153
-114 370
-905 394
-731 529
329 -618
-936 905
446 -838
522 -180
-582 323
-676 -298
-573 -307
713 757
596 -161
356 899
-737 -494
-696 523
139 -504
-395 -759
-265 -251
306 343
-654 556
-500 530
-384 310
-908 -857
-209 635
-403 132
-191 -668
-509 -810
-170 696
726 208
743 -882
-65 787
601 387
-218 -908
-989 -144
672 -441
-538 -831
377 117
944 -656
463 637
848 -605
-49 694
-890 -890
-767 -143
171 -411
-830 348
972 -846
-686 -376
-694 740
-24 214
477 707
-373 -721
-462 -192
367 285
601 -155
-713 853
-434 -955
-848 -848
-898 56
63 231
-593 449
69 -677
-56 750
26 -860
-584 -545
61 -915
246 -782
685 519
-539 -694
-427 958
109 -774
-79 -704
-702 547
-407 744
-212 5
-713 67
-773 -585
-961 237
-109 829
-39 840
-897 -106
-28 -657
-82 -975
-824 -755
665 -736
415 -9
-176 122
378 358
190 170
730 -560
150 36
-635 -183
146 862
495 472
-298 -835
-446 956
182 4
-177 -540
-716 -150
-163 497
523 250
-932 -358
-173 640
289 178
-549 -165
-732 131
-668 -551
-714 -76
-65 -935
246 921
679 -295
20 130
-928 -357
994 479
163 -196
520 699
-949 545
606 -78
-249 673
570 -113
-667 -980
512 569
-664 361
-711 921
234 451
-502 -754
-493 468
5 127
-374 -368
186 229
82 722
340 -254
280 667
-359 -734
-642 -257
-762 -951
223 904
143 -845
-119 309
-899 -339
756 -421
-391 956
-309 -284
163 -913
806 -255
-430 997
54 887
704 -56
421 -733
-345 452
27 626
-274 -950
914 225
