-33 789
-574 -516
458 575
681 -384
-517 483
-33 460
474 783
-633 -533
332 914
901 -836
-474 -601
-722 99
374 463
-796 273
-506 -64
261 -907
-166 29
127 -93
707 -320
913 -546
474 335
350 184
156 -120
178 902
-805 -750
294 561
633 -714
-305 -681
-441 -276
-251 609
459 537
753 -975
-559 263
470 -901
904 -874
151 -754
-514 -537
-792 89
-797 -708
-253 -529
374 -475
555 490
453 -804
571 190
774 618
-136 -269
-190 -820
-240 490
677 978
931 -39
-863 141
-393 -630
92 -770
376 134
-244 -610
373 -16
921 999
897 -495
-481 587
425 966
8 -418
-175 42
-56 106
-901 -768
546 -95
278 927
747 -909
-954 -798
42 -424
-632 -940
2 951
595 743
205 130
0 -730
399 -882
668 -802
348 -930
-416 -324
-933 -934
366 37
779 -65
-945 614
-825 424
382 -533
637 924
889 -597
-508 518
-556 419
-28 970
-927 843
-345 -476
-205 -379
-701 -446
-631 864
-422 -273
375 -305
274 683
331 -975
-693 -727
365 928
114 61
838 -612
-674 -66
-104 -343
-659 -629
109 -222
-745 -472
-980 -711
349 214
815 297
-984 749
-469 -992
385 -979
991 371
-889 -351
-192 -126
263 -1000
-941 317
-995 -162
728 -129
593 -104
-313 711
-469 -5
-781 -536
997 867
-786 -548
-611 -78
-958 -116
-251 160
-296 121
-902 623
187 -893
80 -979
982 323
930 -413
375 492
-753 838
948 662
459 -833
824 -399
-181 362
674 -591
390 -786
-490 -419
525 -458
-407 482
874 -61
-547 167
142 -5
-512 395
-721 -573
-926 -933
696 566
-456 976
-497 -116
-830 -593
-202 63
-366 -438
-56 519
-149 20
962 -544
-748 355
813 -274
-343 -758
-451 652
351 -232
-502 708
546 156
-481 -14
440 -573
-518 -555
445 -539
39 697
295 -931
0 -755
132 -600
85 902
-115 209
-687 -205
543 931
870 522
59 10
-321 -321
291 -215
-102 1000
-110 -145
-482 531
-864 231
-49 267
-707 502
-341 -806
-125 -118
-500 -793
-972 -87
144 780
-422 924
-82 -355
426 37
969 929
-126 678
-130 919
-327 360
7 322
751 856
-826 886
149 858
877 -924
-274 884
317 -168
-113 276
365 700
-725 13
-373 -495
-528 -697
-703 237
501 -52
-524 -615
-398 -504
329 586
-685 874
-130 -248
902 -732
313 -508
-661 -853
331 588
475 -674
-706 -781
-542 139
852 117
-111 -724
-808 116
-815 -450
-639 96
-624 -806
-816 -338
713 227
-435 597
20 948
211 848
674 -781
-208 720
-204 954
-508 -504
222 -706
-999 462
-123 455
938 -949
327 126
615 -462
-657 91
703 -461
-590 -990
-386 -625
-896 -743
358 29
-807 -968
-802 -564
720 -574
-51 181
-629 314
238 314
-666 -16
-347 346
449 -430
-326 -12
287 63
-322 294
59 -499
-688 -578
-398 -829
-788 249
-310 254
-683 939
249 -713
-602 -765
650 279
183 223
-913 -292
537 832
-151 859
-222 394
-758 -125
897 106
185 -194
-579 -251
-413 -375
797 -183
-927 812
-16 140
385 281
313 -562
948 -847
-239 -703
125 216
-29 744
977 -368
907 43
783 -999
-901 -666
-350 -577
