837 182
-910 -83
-487 427
-534 -322
-530 727
-200 35
-435 -781
955 227
686 328
518 -49
707 629
-537 181
-277 355
309 352
743 267
-429 -736
-400 29
-39 534
882 -974
677 424
-641 194
-22 581
999 -974
-304 -590
512 -361
-965 4
969 -585
601 -81
-753 73
-606 916
-247 -535
255 -247
273 689
-661 80
-892 548
-721 -658
-12 -549
417 -992
-684 -587
84 61
206 841
-524 123
444 -169
-869 669
723 -902
935 -727
-929 -6
884 -310
5 -466
-985 155
-970 276
-553 777
907 894
-407 -652
96 785
-592 -532
143 394
515 -349
-147 72
-614 -733
-112 -267
-769 676
-113 878
794 146
-111 -259
-707 404
267 817
-524 434
-44 381
97 -264
901 241
422 -228
-362 -238
-596 -898
220 824
325 194
-601 -759
439 948
889 -636
-70 -794
207 -675
996 186
-544 901
-172 83
-35 947
587 136
804 -922
955 400
-906 368
-176 2
168 66
271 -553
-209 -740
-395 -925
-392 -958
-905 -84
-96 -281
-749 682
687 -672
500 -964
-289 415
-94 581
-983 -36
771 63
485 -748
509 -293
-490 -576
299 234
-900 -582
-900 744
233 -209
-303 -379
-165 -196
-339 624
148 -773
-216 -144
81 721
808 379
-854 -129
128 771
497 185
754 -983
-844 54
5 -281
393 -906
813 -638
-533 -422
555 -537
322 -706
-728 -700
130 547
419 699
680 429
-525 -592
-28 806
462 344
-789 254
353 -137
780 -213
894 480
355 -941
-177 -331
-734 810
-893 -462
209 423
820 81
589 739
-528 -656
-444 267
765 -44
353 -338
708 554
206 484
74 440
-259 565
806 -166
-291 -286
684 -652
958 -640
928 -671
426 287
979 438
-974 -898
-629 -764
-61 -690
686 -679
-128 325
315 375
518 -90
-52 -431
932 532
-506 -771
535 -414
487 322
-649 -919
-116 -176
-406 910
227 38
561 -858
-390 -522
-350 -525
-361 849
107 -79
-358 563
403 -49
258 398
-594 -678
832 -182
579 988
-221 -881
107 -385
421 546
392 20
-886 -436
-180 125
-733 -345
-566 836
-365 575
148 -469
180 515
-189 -733
913 -958
-629 -972
832 -829
548 833
-685 302
97 949
-782 -99
-233 -719
187 -868
-503 -194
635 593
416 -169
425 -610
-864 868
492 996
120 -226
299 -744
192 480
-876 -554
-290 851
-953 -708
890 302
-222 -246
-335 -662
-292 -869
209 177
500 206
626 698
-771 694
-970 -171
781 239
-490 -537
723 -712
498 -815
193 -279
-393 605
-691 149
-667 641
-834 -722
-743 493
640 -267
389 962
572 204
-728 836
952 612
678 401
-10 109
-574 586
720 882
30 771
990 -288
550 682
171 927
-847 954
-552 557
269 -655
378 901
-568 -695
235 -91
998 -277
359 883
-186 -886
229 68
316 -878
625 -692
674 979
80 -989
-588 -745
424 -418
-190 -261
811 229
-953 -147
-60 -134
691 -580
-227 721
249 -183
988 343
50 -81
777 -775
-674 -9
-708 -328
293 16
-380 351
-733 169
496 -271
61 -30
-969 846
-985 382
-912 -759
109 80
165 460
-784 959
-657 891
732 -360
-464 -653
335 -654
638 -878
-716 384
326 38
