-313 -386
-338 -592
-123 12
413 256
841 295
-813 533
-987 503
-381 425
-703 -932
880 204
163 -682
429 695
903 812
-98 735
973 -860
-729 39
-269 -106
-690 -397
-777 -924
914 -404
-454 -428
9 -457
-138 312
298 685
101 699
-244 181
-173 -495
301 -621
458 341
-284 -568
-477 -680
567 -278
148 335
888 -212
557 -646
615 893
-977 -799
410 -678
-264 -722
281 -765
470 535
-602 -71
-368 924
-79 668
-506 -276
-764 272
-56 -525
-224 435
633 48
-157 -171
561 284
312 -497
-190 -93
548 796
423 -525
266 -961
933 -530
-904 -576
17 927
-469 632
74 763
-999 364
382 -498
-545 976
-169 -169
-112 -308
232 488
-600 -227
-970 667
-775 -722
-334 339
-579 -461
468 996
-529 -337
-648 585
-263 -740
924 455
-714 -673
778 -446
190 -734
-407 574
367 85
723 -173
-946 -608
-896 290
247 -632
672 -947
620 275
-332 -918
438 -699
-12 717
68 619
106 593
-197 678
875 -746
-418 -810
752 764
447 -658
-725 93
-852 -211
-865 -553
135 -743
560 83
845 841
603 379
-318 -902
-626 354
288 -497
637 -436
543 163
-629 995
-319 -270
371 806
943 -858
607 -131
322 -56
509 682
477 159
237 833
-415 150
987 125
-336 312
-81 -809
380 457
-516 -228
206 308
-63 -493
-40 -465
-145 830
-456 652
-60 180
-487 440
-385 339
-836 -559
603 -91
-471 -535
268 6
20 704
-892 -265
726 681
777 -118
952 736
156 -719
-132 570
-266 -248
213 -545
-555 -797
7 -872
-637 956
-193 597
141 -145
974 13
794 -48
709 -737
-260 -631
97 952
-331 251
-195 -766
-371 -734
-721 468
872 877
-891 -714
-205 604
-744 -887
63 -422
368 305
379 -141
-348 -748
435 418
-278 -259
-104 -87
-339 757
290 661
230 -658
477 641
549 86
-539 867
-561 528
-867 -53
-367 -905
-145 552
434 -657
-857 -700
37 646
762 805
-791 -789
509 218
662 646
992 -304
8 992
-359 -524
536 141
936 934
137 -707
275 224
190 500
-572 -542
850 -129
-198 987
288 804
-235 504
-245 -804
-244 -472
512 -865
181 884
598 280
-417 239
-149 -55
348 -759
-462 -143
-142 136
-58 -380
273 659
-332 176
425 65
-640 229
773 -230
446 203
260 -465
-294 297
904 969
-715 -237
-792 -311
-677 -535
295 -946
220 -812
-101 822
116 -793
-799 23
-140 209
-467 307
-618 68
-336 -639
541 -107
845 615
446 -643
-338 107
-890 314
-762 592
864 855
492 275
276 -599
-743 -52
-520 -395
618 131
599 613
406 441
-26 -513
618 -98
-616 243
-647 -712
170 -487
-969 695
186 -892
-675 776
-484 265
424 382
-611 506
163 594
734 -997
30 918
452 229
779 -862
551 773
696 -293
-297 647
386 801
429 -746
779 -203
987 -882
206 199
-793 361
812 194
-449 -530
-474 488
885 380
-189 702
-22 -30
-538 -772
611 -831
0 236
-70 -268
-473 424
-391 184
860 208
-365 579
-843 -386
485 -38
968 -827
-349 -302
-850 877
-559 -687
-803 -905
244 248
453 265
73 -14
571 871
755 -62
725 174
546 -613
