-754 -846
-224 154
794 -501
605 114
332 -366
-553 418
990 171
-623 79
-402 -831
-700 273
-70 557
824 657
381 595
129 -730
-927 375
165 -614
891 -423
677 298
722 -785
727 -372
-252 207
-143 -169
7 267
521 -456
-725 31
360 206
450 -871
-459 825
-434 434
38 -908
-712 350
759 -612
960 44
977 372
841 284
946 571
-682 837
226 -221
-687 143
586 888
67 299
800 -151
461 613
-450 625
-943 -464
958 -954
-952 623
423 -351
-674 -513
-629 -2
-152 920
-858 -260
13 151
-882 -350
413 -382
-699 -209
129 80
794 917
95 -251
-285 870
-712 -191
-145 -951
-24 -311
20 74
-117 832
-193 -885
961 -80
-209 -93
-897 -838
261 524
885 -803
208 779
-324 -375
-843 787
873 -543
880 254
721 -696
556 -370
95 93
-950 -471
-218 869
-940 798
111 5
166 -830
845 829
536 522
-247 536
799 -873
277 -346
530 760
-733 366
968 -362
-428 -166
529 366
-908 156
-351 102
544 -344
-525 -945
-220 -194
288 -103
-393 776
-628 -329
-753 377
-963 726
-611 981
-260 602
854 -246
-279 164
582 945
-99 -961
307 998
752 611
-230 78
-850 -698
702 313
36 -813
715 169
-703 926
398 -984
-714 286
-354 -491
-935 210
-170 -533
-45 802
80 219
680 -134
-246 252
-978 416
-567 222
214 69
-258 417
685 449
914 304
-620 -740
-186 -204
445 -535
225 -861
682 383
-233 660
-19 264
773 817
-152 769
206 311
-8 -933
725 506
936 -87
-732 978
396 -382
-968 -872
-30 795
-169 776
-889 -193
645 -671
168 -140
-781 730
185 344
878 117
133 -2
-341 -603
707 977
927 -273
-527 -394
-607 509
-640 -131
-650 506
972 502
-140 532
562 45
-878 -71
707 354
630 -252
254 -533
307 -245
638 797
631 -863
379 939
-662 329
-486 503
985 527
938 -149
125 -370
239 -925
-986 231
-702 -139
-218 112
437 711
18 -741
214 -244
-870 -698
88 611
-882 -25
551 -652
799 -512
-442 388
316 601
439 703
781 -141
694 630
280 342
-872 851
-865 281
-629 -841
-839 -659
-138 -365
-972 260
936 404
623 475
-889 102
864 70
-395 984
-453 507
444 438
-373 91
-372 -456
245 316
-128 515
-31 500
403 -859
-696 -532
662 -233
-16 446
188 -662
-342 -824
-399 -340
845 125
594 -374
224 341
245 492
-5 -234
-266 -374
235 999
-877 214
-224 -18
80 202
-401 -676
-452 266
-674 464
-428 -769
911 495
121 -55
522 170
-292 -959
728 -997
-426 -546
364 67
-360 -475
-752 -406
28 -550
446 -275
-865 -213
-816 419
-143 534
959 490
-240 484
-502 421
-726 -729
191 140
-814 443
45 925
206 876
445 -147
-37 -463
138 558
140 -846
1000 995
-860 624
-902 318
62 -621
992 -770
-278 179
829 799
353 -887
-236 -505
414 -857
-476 -947
-216 -216
533 -428
-500 285
270 -998
-6 686
-973 -920
370 526
-28 115
-535 -959
953 82
-283 -894
713 -245
328 494
325 -542
681 -445
-639 -335
969 -806
-54 -761
504 505
-677 -915
-56 -572
706 342
-101 613
470 -75
-48 -13
