159 871
531 1000
-549 333
984 726
447 535
-160 -806
-597 -769
-204 749
-7 -778
857 958
483 -743
477 -837
103 -325
-273 388
-355 494
130 -579
-405 523
690 -469
228 52
653 -857
337 707
940 -248
-276 740
-364 -188
625 -967
-861 854
761 -594
328 247
-470 749
429 994
-224 340
647 392
216 -616
127 336
-650 -712
825 -578
-59 724
-327 333
-370 -339
-588 -208
-92 712
-942 866
549 -595
163 -851
-255 821
575 -466
641 -540
96 464
273 802
-497 32
-733 -719
120 256
-407 -733
-219 129
259 172
-762 854
-734 -285
-25 543
567 -349
751 678
406 -717
651 -715
-409 1
610 -736
365 -687
542 -970
875 -397
827 -97
623 608
528 597
-833 -722
-936 -604
-599 -445
586 -898
-144 -78
-890 -396
-79 64
315 569
30 -837
640 -409
-607 900
-80 -833
-417 -872
-653 575
-54 967
844 98
-35 -697
902 244
911 -448
27 -189
-662 -625
-615 -325
-958 -237
-153 136
-784 578
-653 806
729 171
-734 407
724 -746
-371 -46
748 -124
-715 119
-218 -606
-236 -769
-659 -308
684 359
703 -792
-192 496
-672 589
846 -11
199 573
-689 864
-22 75
479 -663
-255 828
586 676
-524 -982
-277 -244
-965 491
698 -820
-595 86
536 770
263 -113
-902 -297
718 218
-228 673
-184 -958
337 -550
-837 436
-482 -7
583 100
103 471
-874 -283
901 397
-931 -318
-816 226
502 -884
549 992
-200 -899
159 626
820 462
982 257
55 126
-429 -813
620 -22
659 -481
443 455
245 -943
156 -739
272 520
-577 -181
118 861
-12 -929
559 446
-351 722
-389 495
-106 -759
213 -120
416 729
761 638
-207 810
63 183
72 -959
-670 -182
-617 -406
160 -877
-527 -871
-373 938
548 731
-253 825
156 -273
-281 578
-459 -233
228 41
673 541
236 877
869 -484
562 -742
732 962
651 590
-166 -746
764 597
-611 -940
458 -596
-588 149
-491 586
-352 -978
-537 340
395 657
343 -630
-441 790
-307 -849
427 244
80 535
475 -985
719 992
865 520
-661 692
833 -852
618 521
-531 -684
418 -935
927 -643
-576 -660
-324 204
-931 -222
-69 -112
-915 253
879 730
-635 -235
386 160
73 -931
229 -414
-339 716
87 -131
222 -987
-259 558
-178 -327
668 -528
478 -896
953 -672
-547 -877
384 470
594 605
-558 666
-107 -660
630 786
-681 403
845 156
-953 -66
-146 -710
67 -217
106 -247
972 -771
-494 705
-190 -243
700 723
-894 -273
875 530
216 300
541 -271
703 184
-863 -133
420 -34
335 828
436 256
-38 -919
-261 605
-196 850
172 311
514 -134
-716 439
319 982
-563 -936
-537 -249
939 -880
-350 -261
-445 -548
939 -678
-198 579
-829 -35
-468 873
897 105
191 -695
-533 717
742 -428
-926 -78
203 817
50 925
-554 -157
-646 986
926 688
855 784
-448 -564
-895 633
437 580
794 -117
732 808
291 -84
808 -270
269 52
213 738
-429 -807
132 -537
-376 -905
494 953
440 36
410 161
-60 77
111 -247
-582 -687
890 -582
-911 -914
819 577
-536 -928
-783 -39
482 975
-472 -196
143 671
-43 869
