906 185
195 -88
-882 -982
442 997
956 276
-716 -362
-305 -32
-704 -241
-265 -814
-829 198
589 604
-1 239
-698 -496
225 -805
499 890
-331 886
144 -517
955 -256
-992 678
278 -406
-572 199
-547 -281
-739 581
913 291
359 -338
-799 946
107 -450
-538 -832
-714 -968
303 -115
-303 -432
-959 -444
-548 540
69 -375
-697 -763
554 -78
882 462
-73 -389
-762 450
-615 -355
-869 730
828 -343
-689 -616
-684 -858
749 -922
-980 977
928 857
-372 41
-219 970
-429 -408
-667 493
-367 -142
-710 -121
-731 -669
-580 277
-779 -103
-132 -479
876 -41
799 423
375 583
218 -948
354 501
618 -661
-118 216
-641 -34
-31 106
-454 823
-129 -525
-175 96
471 369
-281 -436
351 -417
-343 102
972 -788
32 611
99 836
-574 879
-373 400
-508 24
-214 13
-882 -622
-543 476
-584 -155
999 393
546 690
915 539
908 195
-238 533
584 497
-48 314
-63 -365
861 755
-879 -655
843 190
17 557
-826 961
-271 -592
-23 808
668 738
-257 661
873 366
495 540
294 66
626 -318
775 660
-729 468
-965 -625
-68 266
560 253
-755 -324
603 -103
216 197
63 172
-348 326
306 146
449 -796
-723 571
130 893
387 -99
961 -902
956 -55
904 -938
836 981
-85 454
578 684
-543 783
-890 -742
712 -493
379 -548
978 -874
450 -178
-777 -47
-868 340
-996 53
85 -346
818 -422
743 -884
170 915
-929 -299
670 -703
-159 -236
870 -449
-12 14
187 21
298 -145
81 -611
-781 -158
-356 991
-866 494
10 715
497 -590
-972 712
880 -872
-409 -32
-377 6
88 241
759 346
-60 266
736 -80
-23 -631
365 324
358 -955
441 -13
732 780
-56 571
312 371
736 605
381 990
306 431
-270 -306
839 174
369 -975
-913 285
949 -845
513 510
752 683
608 801
-238 987
760 -562
-98 577
495 585
810 -150
470 844
316 -818
762 -727
627 41
-818 980
-118 568
418 55
42 289
-966 -341
266 -967
-911 905
-626 -548
361 366
-340 145
38 909
-243 15
-395 -532
952 -383
-464 217
-777 -609
-259 -909
-466 723
-974 969
-84 906
-229 -716
966 -859
-175 334
-489 962
818 369
-207 232
919 -307
815 -432
133 651
-351 -865
396 -912
-172 825
879 -942
-692 311
-615 -749
696 87
-650 -500
986 -785
252 -925
-93 474
-929 643
504 -447
-100 985
474 63
-135 -57
-7 -679
-806 -995
-26 -751
-662 666
-462 641
-61 263
29 -559
638 94
-254 -29
-74 704
-158 816
319 -391
-189 396
323 -804
131 99
603 -428
103 273
-434 22
-947 -794
-318 193
62 425
266 -403
468 590
-716 416
179 -4
-434 -859
-706 -407
339 -663
-265 238
960 228
-58 -857
118 215
430 303
516 -300
600 -981
-522 269
396 296
916 776
729 -9
-859 198
-379 -629
581 -934
737 753
2 300
-739 -628
189 254
583 -120
592 -698
628 26
313 83
-38 -449
-527 -7
-243 961
462 -800
34 -598
-920 193
-171 -696
552 481
-631 797
-976 -74
364 -179
784 566
-938 922
-340 352
78 493
-551 -341
763 -507
870 727
-572 803
