821 613
56 31
893 -908
-47 -103
96 970
80 -847
990 -855
183 950
188 -289
313 -452
-123 972
-408 509
-436 -785
-679 -848
-913 -746
974 -288
-588 932
-616 -328
-235 11
279 893
228 150
481 -347
-53 664
93 707
283 -599
94 721
836 95
-440 -778
-784 222
99 778
654 -426
-419 707
541 -994
866 68
67 -594
514 -336
-993 -423
713 0
190 400
-424 517
486 52
522 902
-773 -214
-870 517
641 -869
494 409
394 -327
-937 -971
-532 -961
-972 151
-270 25
-253 699
-569 924
369 654
65 -829
361 931
342 330
-722 -809
27 -473
377 -465
766 957
-877 50
733 -734
422 -511
-100 650
-953 -400
887 -76
188 -697
245 659
-889 853
-447 418
654 -161
-960 122
-995 265
-155 -183
664 974
-496 421
563 2
738 -604
921 -461
-578 400
143 -54
123 -587
-916 -153
-956 422
665 -89
-654 -598
909 -352
-816 298
639 71
-593 -90
91 31
307 -2
-478 -913
-292 139
864 633
172 172
384 738
969 -45
-481 -446
66 563
-409 640
72 452
136 -882
196 -989
517 658
-920 395
-378 -830
-171 -739
5 -701
-107 139
707 -856
355 -600
-888 568
1 606
-458 -888
-721 -400
-851 172
-459 -974
57 -567
-810 791
-225 542
458 698
283 557
213 -521
629 -918
24 -151
-13 -657
-246 -149
868 479
-548 829
32 550
-551 -553
261 470
374 -543
-531 722
-161 -543
-183 -920
-724 -424
-99 -782
-163 942
634 -139
-15 -134
661 658
-601 -880
-58 -6
-519 -670
-174 998
14 214
-485 -746
-198 949
-967 312
871 106
-390 -603
640 -376
-686 724
671 748
-623 -687
-993 603
344 -785
-101 249
-97 -261
-347 701
245 -132
995 -381
431 -208
-503 -98
-357 -224
-409 -692
570 -202
136 697
-912 -491
470 198
428 217
-904 -500
791 59
-192 495
223 -209
40 -826
492 132
-872 146
-501 -48
805 -659
-328 166
359 -149
-79 332
-636 -638
-131 -211
-66 566
-750 772
375 -252
-428 -426
740 328
-873 -157
277 790
684 -186
-295 473
-217 891
-134 -784
-609 820
151 404
-181 987
395 -21
-705 96
241 872
-62 89
58 342
-891 892
-145 -189
-870 -214
760 169
111 578
298 -444
759 944
637 -99
-597 -256
862 -513
-491 584
720 -210
134 146
-900 -469
-539 467
-669 182
786 590
369 -969
633 -720
51 616
-46 268
643 160
-204 -999
-668 134
-553 -261
895 734
-183 986
154 679
102 -540
-649 528
841 842
612 731
51 -928
71 495
526 861
793 248
-402 -656
-843 -319
243 -494
290 -832
-345 810
732 611
-221 -791
739 -596
755 77
-967 -163
433 345
189 -918
72 573
778 -266
-945 -747
-331 617
38 548
-285 -240
-672 554
-895 103
-527 -338
385 -81
-688 -620
590 934
457 -584
-900 752
-218 548
-513 -397
-574 -52
-263 -538
-336 397
-286 394
998 -496
142 -165
-793 -634
-308 -377
695 590
-94 845
-884 -568
-328 -107
383 183
-773 -713
-302 -19
-953 210
368 -463
-593 -780
-54 68
-600 -532
-723 922
836 329
-828 422
703 473
-113 -81
140 -932
-98 480
208 306
-429 844
