720 -704
-892 503
-987 -323
244 529
582 -668
1000 729
-651 403
451 -294
206 975
0 959
-994 163
-794 -688
-108 542
-499 -178
-934 183
-555 885
8 -466
146 -38
297 -937
-985 -252
-268 -150
91 854
-574 -536
-405 -767
-105 -968
-872 656
753 -930
-52 816
-162 -56
857 -933
184 -673
475 11
-171 -74
959 -524
-301 255
-688 713
-627 326
534 -589
992 5
115 -123
-99 921
-509 -809
3 504
-887 -774
-686 428
557 586
609 697
-314 -845
294 -897
454 601
837 -386
-366 -933
388 -29
102 574
-861 548
-127 -439
408 651
960 133
526 -353
-687 717
-439 -416
-677 -778
-8 839
193 320
47 257
-564 -137
168 -254
950 797
324 526
413 697
656 822
339 627
-540 398
520 551
431 -123
-933 427
912 225
891 134
-45 -885
-235 -750
299 -854
96 -760
719 596
-892 -656
-841 -748
346 781
607 613
104 548
352 -914
-626 -921
-593 28
-236 316
-769 392
-227 467
-289 -745
151 -461
391 216
-961 -191
410 -163
399 816
-319 -53
498 -304
-734 642
262 454
664 -987
422 -659
556 861
-919 729
-371 -983
326 669
-314 -835
-989 -437
200 255
-232 -8
-801 -632
-949 -307
-969 651
174 792
-172 -999
533 -546
-421 -985
273 354
557 140
-821 509
-85 -721
819 -356
718 -155
129 -899
372 723
-353 393
109 879
554 -10
-256 -255
-764 432
-722 -81
245 803
911 -7
156 -357
-214 815
-647 354
-909 -270
333 -202
-519 803
735 -332
-856 627
338 996
-160 -259
-902 997
408 -868
308 -433
865 -804
136 931
-448 -281
-971 845
252 226
-250 -33
-36 -375
-384 723
427 -964
271 50
-577 996
643 -835
939 619
702 151
962 253
329 912
-518 -342
359 507
-723 -646
357 -924
-303 911
-733 -924
530 326
871 117
-410 312
-751 510
353 -27
37 -768
683 662
-71 -676
-841 15
718 855
-619 -418
-555 -763
139 966
533 -944
-996 109
37 -335
-85 900
677 629
735 720
191 -527
-749 945
774 -936
-383 -75
-333 -385
-951 -894
889 -299
-887 449
-815 905
211 270
773 -173
965 368
-237 -291
-647 -749
696 -49
-22 533
922 -772
929 598
-646 -251
775 360
-951 214
-383 418
168 -549
-335 229
816 0
-373 -927
-375 813
889 353
606 332
637 -120
729 425
158 -859
-14 -136
-492 669
-73 718
939 657
-147 -487
273 -943
-799 642
813 -236
292 994
-872 -843
-325 -89
902 182
-369 -892
301 511
-763 388
-91 -902
675 -699
-655 -661
-904 325
104 -469
-557 948
1 210
405 -756
903 -794
-612 989
928 -647
-416 237
-608 58
296 356
-551 -863
-197 -627
820 283
-709 639
-521 -258
-381 987
5 -71
696 -689
-399 -922
-995 -633
334 432
747 -433
-12 936
279 -892
-588 980
-163 615
522 -278
599 654
-228 678
-385 0
-783 819
187 -184
27 -922
178 80
723 499
-780 -918
797 88
-206 777
-450 68
-962 -68
176 167
-815 918
-626 -846
-795 -411
254 -194
-919 -87
490 -77
-319 453
812 -56
993 534
-337 939
41 -682
530 -125
445 163
374 -926
-6 921
386 -877
-806 -285
