739 -768
-697 435
460 -456
-562 544
968 -214
-103 718
929 936
-797 868
582 -317
294 355
890 641
-93 626
824 -300
618 -656
-409 394
873 -501
-517 945
676 269
-800 -116
-781 92
839 -624
577 210
41 467
-307 -642
713 -109
-381 905
384 -919
256 -541
-727 -245
40 -581
977 651
182 -27
528 -916
-502 355
573 -744
-891 535
-323 -413
-610 -14
45 -270
-733 -474
926 -628
22 -104
-774 402
784 -6
-22 291
483 -911
118 -658
-142 -139
-848 675
-154 896
984 -671
669 413
-710 -640
-297 86
-250 289
213 26
-980 394
374 -938
-655 413
-824 221
-143 -509
-132 -475
797 -636
267 -875
245 -71
73 435
-827 -120
232 -748
-116 -188
239 -499
-677 -904
-825 763
-576 -999
78 839
-742 -488
-367 -565
662 430
689 -781
-203 929
-768 711
-887 588
274 186
884 -639
330 418
486 421
875 748
492 -218
410 515
251 716
-937 454
982 466
266 -149
-418 -966
965 983
-956 769
-432 -191
-287 183
898 555
-821 -152
-925 -443
-225 -23
-66 -565
-660 468
-686 563
984 494
602 608
84 -601
-997 437
250 -884
-807 562
-213 756
817 317
-40 -165
-237 -263
-253 -517
-834 552
990 457
-503 -539
-263 276
884 -675
589 -484
-470 324
-786 -482
-870 -14
-7 151
787 697
170 881
987 275
300 -852
6 -472
-758 -824
-84 -817
-12 -644
646 -104
483 -902
-155 -457
-354 -254
-685 -518
-890 729
-669 521
844 -463
-196 -65
-795 784
-518 237
-400 -697
760 -287
-704 -435
-699 -454
-447 828
435 -595
588 101
463 141
-779 -854
-490 162
-189 642
123 762
-841 -168
-443 105
459 -103
-832 91
-813 -395
-81 823
968 -338
-516 -337
610 -825
187 -962
-306 423
467 -419
-62 89
153 408
-299 5
79 476
978 -61
-962 615
620 -48
215 -111
638 -346
-581 38
658 -417
-735 833
293 67
-225 -44
929 812
-406 -605
-288 595
853 766
837 -581
-589 -622
-953 -931
-377 903
10 -442
102 909
169 272
48 -780
-141 373
335 -983
630 823
-945 -15
291 -559
234 -901
641 238
-701 700
-661 -838
421 836
181 897
910 -905
11 93
698 173
-776 332
958 546
141 -820
676 -445
-651 972
909 -529
-816 -597
958 -51
-379 297
-3 -972
-661 -946
-230 84
987 -508
-765 -990
-186 658
133 991
65 958
821 388
101 -87
798 -97
-326 781
-315 295
896 -336
-358 625
-675 -395
113 -655
-855 -122
-659 -35
793 861
539 -95
333 511
-478 -646
92 -980
326 -305
635 293
-179 719
849 -706
407 45
474 561
237 -916
365 414
-728 690
137 23
-430 -601
-735 -853
-757 430
-664 822
-872 -132
449 -363
-95 102
266 48
-419 -725
-919 545
768 -227
550 205
-483 -488
-147 703
198 -535
-128 -451
892 829
-357 -507
-692 -668
-151 464
148 -93
369 -961
270 105
-920 -267
914 -352
-233 76
381 381
-780 -550
678 530
-441 241
684 -61
-718 -289
321 -860
93 794
750 -835
678 -715
-304 -520
903 307
-795 321
665 -493
-582 104
411 668
527 79
-202 -233
-398 562
202 -442
224 378
-97 -755
-798 -267
