-536 -90
116 994
-187 -489
680 -271
-150 331
579 -429
-161 -255
-887 -219
-982 -869
234 380
-254 802
183 752
-182 355
-601 410
971 -122
-552 2
-155 -194
-174 -330
-654 617
916 768
-617 730
-673 -509
-524 136
625 842
746 -549
254 705
-336 939
-377 43
557 -6
-39 -704
-851 797
-679 -122
-952 -842
-998 -572
-938 809
-931 -135
110 727
-121 -809
495 457
-298 385
-306 630
-998 -651
482 -835
380 468
-163 -768
-782 -241
395 -369
-44 487
-94 -989
-275 606
-113 -231
-640 -350
-71 -731
-758 680
686 -564
-449 662
92 123
428 -143
331 -1
99 -14
-947 576
139 43
-160 -586
-995 -326
60 88
-361 -712
622 -975
741 -155
642 628
904 502
236 95
-841 218
568 801
-41 -817
616 370
-553 -574
-238 308
-952 535
134 803
-150 246
-619 -470
595 655
167 386
368 -728
-771 772
-72 208
-350 321
905 41
356 351
-462 240
-226 883
-64 -505
-787 -890
-847 -894
-843 93
-846 -14
-717 630
967 368
50 -206
-230 377
164 688
-59 -770
415 -848
-167 313
-631 464
460 320
-875 790
368 -321
-389 -679
-189 -70
497 -821
727 65
-197 -232
207 283
692 75
681 860
-112 370
126 -340
206 3
-917 -238
639 312
-660 -212
-490 315
426 -261
564 -672
-104 926
451 220
183 259
825 -246
911 -120
-491 275
294 838
648 502
-847 657
772 265
119 -328
-265 -939
915 -157
-894 -788
597 440
-45 391
-949 -687
-969 -817
-592 563
-624 -227
-924 -532
399 -316
343 517
122 639
-31 450
-81 8
-335 -247
-284 512
584 750
683 -8
-90 -842
-115 -687
-57 872
-480 179
880 -215
-63 -585
-930 -385
-327 675
-546 -296
992 -164
-863 -967
326 -511
225 471
-801 -236
515 -367
101 653
-819 -722
-492 -308
998 108
253 -648
144 654
569 -190
810 -273
685 323
-580 -538
779 126
720 995
892 -884
-981 894
911 -1000
197 920
-598 -648
328 -224
-871 193
86 -452
-71 -481
-427 817
822 -452
-220 -328
-90 -66
-230 703
-873 936
544 216
-907 952
-751 -874
-271 917
169 928
-677 -606
-604 -384
-810 535
809 736
290 436
314 355
-809 -225
721 606
-474 -60
-93 -653
122 980
-31 985
-664 528
-772 111
-647 272
753 691
480 109
158 461
-385 712
-389 895
-89 -222
-876 278
-297 917
-233 550
753 -149
-834 256
-514 -385
629 -649
977 -586
762 752
554 171
-251 744
-564 900
518 -532
333 -756
-517 196
-903 -96
763 481
-910 635
762 -204
89 444
325 429
-977 462
456 -444
-186 -253
370 663
-218 -990
720 244
-959 797
30 -741
-767 814
546 228
-915 -556
143 870
508 237
-548 -709
-219 800
-404 -413
-782 941
722 -96
514 -289
7 -58
-345 -265
-136 106
-779 -417
254 279
615 -707
422 140
38 864
-343 278
-518 481
925 -354
395 40
-44 -984
-301 39
392 -769
-443 -402
-945 610
60 -451
-4 848
31 -402
-380 -989
898 758
-97 -215
-560 -855
-537 832
-323 292
-596 -26
-423 743
-883 617
606 -237
554 -80
-18 227
88 -935
-412 717
313 246
-567 -861
925 -271
