-403 -603
370 850
-477 -810
425 -565
537 884
-986 -168
-151 378
920 -251
-2 264
-368 -617
-349 -905
-22 586
-243 370
-451 -300
77 -620
336 62
-709 -604
-989 134
-289 325
-543 847
-585 -924
-174 724
-937 -346
-552 -327
740 931
589 -207
-892 312
-46 134
388 -571
570 -801
107 846
-159 -935
-564 -569
-349 386
476 153
-37 74
-321 526
-323 426
840 835
936 -227
474 986
74 292
-550 555
708 -54
686 -930
-344 -829
-286 -574
-422 274
742 657
618 -745
-92 306
-477 324
-789 -19
-369 -230
-590 943
717 -465
996 -691
651 -827
-166 847
-609 -263
164 641
-605 378
540 890
563 -346
-362 846
204 -806
50 999
851 803
-558 377
95 -184
590 565
674 438
-108 -409
232 771
-665 44
-7 -620
843 853
716 -600
167 559
171 -352
979 -781
-3 826
-767 616
443 304
-663 -897
-392 -985
-297 -371
38 -665
295 453
-673 575
-265 -370
826 768
253 683
-894 -470
54 -796
363 -462
-358 -320
769 -761
-654 -161
-75 -674
-728 -988
600 -929
-430 455
689 627
-867 514
923 873
-161 -835
64 921
-512 -447
345 -88
911 -288
-95 -216
-236 596
355 -369
503 -366
-640 -107
579 668
842 -264
216 -738
28 -966
145 -906
-187 -851
-526 -696
-774 -967
976 935
641 -338
118 -792
-913 -820
688 -5
-898 -670
-985 -911
-327 -336
683 655
939 -828
-724 829
676 795
183 -89
-582 -698
-160 -783
238 74
484 -320
561 -279
-232 888
-1 450
887 -711
521 -508
118 736
-343 999
-873 -821
-590 251
-185 -676
740 -343
134 213
-664 -827
-99 203
627 139
19 -475
-911 182
-423 -542
943 -896
24 -413
132 6
-717 -300
904 -796
5 -165
-799 -514
1000 -337
-817 842
-915 344
752 906
-783 0
-593 240
-235 -232
-597 -194
-640 -400
626 1
617 -485
-585 218
-676 -67
479 358
-780 649
-723 889
60 -841
180 -134
-777 22
58 -507
-260 825
-568 747
114 573
429 71
228 -422
544 -809
203 -365
-646 -206
222 -864
701 -167
21 697
-10 -276
202 -377
866 860
-977 251
-778 237
-784 996
653 -283
-599 778
704 981
529 -462
750 -276
-350 80
278 427
-855 -776
-711 -773
-893 381
-868 998
507 471
165 739
446 914
-523 -264
64 -383
-655 700
-918 411
280 952
26 171
611 -458
981 -939
980 657
-724 -773
-243 33
-925 -615
-577 715
207 -618
948 -868
15 600
-34 191
482 516
939 -834
-281 288
166 242
-160 679
184 -107
-627 623
-773 868
-547 731
-781 510
-176 797
856 -145
792 172
87 864
-631 -121
-755 490
32 -202
324 -303
979 -436
609 -856
-279 -328
-663 872
-566 -184
858 326
988 681
989 -405
-619 331
-862 195
243 909
-765 -123
-294 725
423 958
26 100
-996 -326
-617 801
-591 -675
984 518
465 -631
945 -227
-277 935
978 -71
-157 410
665 209
-156 217
31 202
-281 332
641 116
-384 883
-84 669
645 -523
-80 -742
295 -875
890 910
-151 -967
800 334
601 -372
391 681
-58 -266
77 232
-456 -522
628 15
-301 409
-118 -535
9 -847
-954 -510
-844 463
