626 -799
-818 830
-93 -448
-237 276
-33 870
-376 -172
-590 -568
-697 -392
612 -730
-933 162
-143 429
-760 -514
-227 422
842 -376
-7 -339
763 509
739 195
112 -24
-617 -938
809 -491
130 973
64 -960
442 819
-131 -552
-818 901
54 -798
984 45
-412 -862
-885 -52
84 546
419 865
-84 -217
-43 -309
944 -83
356 125
387 935
72 591
241 242
-247 -118
-937 98
648 85
430 253
579 41
755 -463
619 886
604 -575
-166 254
-373 -97
34 234
-866 776
889 808
768 558
118 -829
-757 197
-605 -983
-942 -79
105 -443
-925 765
-170 -344
902 -433
-516 403
247 706
-206 305
-340 86
558 720
-894 751
533 659
-167 484
-400 -417
52 -335
768 741
-473 -575
-139 -658
88 -72
-46 -967
782 -191
812 227
-691 762
361 -283
-350 -203
372 666
116 -980
-231 -464
-486 899
-613 681
-21 537
204 -365
861 555
-998 -377
-158 -271
-443 937
-77 -246
113 145
359 895
736 835
200 346
-385 968
177 -67
889 112
-193 836
998 -519
515 997
-476 -401
509 -840
585 263
755 -361
158 -500
796 963
129 -152
-65 428
-686 -902
81 -690
595 291
-457 -434
-662 507
-687 -57
642 248
-447 953
626 331
934 167
-926 773
-651 -405
591 -181
-323 -927
-350 -302
533 647
906 -956
-338 758
-832 632
-92 357
-585 335
172 372
299 729
-258 -925
857 916
63 327
35 624
-640 862
231 -684
-356 161
-697 -132
-299 348
-590 707
-480 284
949 -567
-142 494
-312 85
192 -887
900 208
412 289
-673 -520
-928 784
-595 765
466 -439
241 195
802 -826
476 -307
-142 881
433 246
419 -921
332 -541
-458 -172
-359 425
-881 521
-464 361
-341 -867
-712 -14
-8 -458
-367 -572
364 126
838 407
163 -85
-168 819
575 -560
242 380
840 293
231 -710
-947 581
380 -435
331 -337
565 -412
367 -440
-844 -710
673 -284
-812 615
-550 275
23 981
237 491
51 -593
311 859
-273 -175
447 828
-51 -310
-815 688
-530 -551
-26 613
-520 -65
-670 -552
31 981
-153 -114
65 -948
542 154
-991 690
302 883
394 303
-505 -659
378 558
-910 -468
-302 173
-864 236
913 107
211 950
-589 985
494 107
-19 233
704 98
-261 -114
-103 -459
293 30
635 -220
55 684
696 -229
-245 564
-403 -279
501 606
174 -669
179 -432
-202 -602
-652 -927
-561 -436
767 -848
60 -909
233 112
292 453
-28 -874
-14 634
872 951
636 867
507 -690
-301 -527
766 -704
-77 969
-942 -700
948 263
-201 573
485 -829
599 -661
687 -715
-732 161
-879 -181
-321 515
-3 530
662 231
438 -773
-145 994
-643 -79
-695 909
-393 468
785 -898
439 748
-413 -711
823 -718
-198 665
429 -938
-583 -774
-683 -731
659 -538
980 562
-665 -307
353 -250
-113 307
-941 626
-456 -128
503 705
996 545
458 -930
-382 -518
-324 -370
-32 323
911 -669
-82 783
-149 -311
423 965
170 972
146 125
308 -969
-824 928
933 261
692 -883
-268 -924
791 -943
-678 -463
184 220
-441 -892
-232 -976
751 36
-565 624
423 -402
221 -966
812 -495
