3 -344
161 543
-764 178
103 967
-831 -51
14 -209
-59 270
-413 -811
-826 311
-822 98
144 752
494 -174
-185 580
701 -616
-98 -424
667 471
-300 159
557 293
-291 565
843 877
-978 -424
-40 411
222 -724
613 918
90 -122
-18 101
-378 772
76 8
-384 -947
-554 -406
305 130
-875 244
292 -276
62 -825
393 -171
-523 322
69 539
237 -962
195 215
193 873
387 369
373 -698
432 -11
369 507
-456 846
-116 62
-17 -502
30 -508
7 -333
-633 -609
845 -175
403 708
115 260
-61 -565
-408 -335
-721 -43
-568 -763
-434 442
762 849
-648 572
820 643
341 48
203 578
-596 198
-271 485
-801 407
-779 701
-39 256
622 -608
51 -879
149 -419
-43 346
536 -798
-730 809
903 799
690 979
-842 299
140 214
-174 -258
153 731
820 -89
-336 857
-530 212
510 779
-882 -407
805 -632
581 20
-920 -554
-719 934
-191 550
111 986
821 599
-806 890
261 388
-97 -834
-500 -661
-867 351
191 -417
775 474
276 158
721 -720
-210 -783
-994 -488
580 755
374 -651
159 -335
-640 603
-500 -187
60 -393
-55 -350
-222 406
-870 223
-461 329
-291 -659
808 928
-598 -880
-585 421
235 290
175 967
67 -941
390 981
-330 696
-12 -647
-76 903
-280 477
-7 484
240 229
-984 850
-218 121
-659 -709
712 -700
923 244
-215 463
584 858
-55 -72
-52 -37
-325 -222
-258 34
-439 -80
-619 552
-449 -496
-225 -560
431 -296
-513 805
117 -233
212 65
-61 905
-812 947
306 314
216 585
-507 -151
-869 309
-868 -216
-779 -999
832 -354
970 374
125 384
901 -113
-52 152
112 -585
-257 -522
-726 1000
-178 725
-199 700
453 892
-757 109
-23 728
-453 -136
485 342
972 865
-973 617
662 22
-594 -74
22 -477
441 -3
695 349
512 -265
-995 0
349 -465
-96 199
348 426
-881 -24
836 713
604 564
-407 -632
743 -265
-871 549
-826 226
-733 153
821 -368
844 -945
-41 30
-599 -841
42 -488
-27 -516
-82 -427
-245 921
-720 492
-503 452
467 -1
386 -59
-539 -595
669 -338
297 668
-514 4
272 248
259 856
40 -261
-475 -130
224 753
171 -457
-487 268
259 -34
-524 734
-347 -404
-312 140
656 -683
-143 71
848 470
669 -290
140 987
51 -456
-957 -268
374 -362
-657 198
-885 550
228 688
569 9
-516 -414
-199 -463
-797 -476
-480 -497
484 -266
545 68
-687 -175
861 -290
353 666
-810 27
-829 403
561 -746
435 522
-903 -210
320 939
199 991
708 -197
-231 683
-968 -42
287 831
14 273
-646 -455
-183 -164
-933 -413
678 367
997 -647
-382 581
528 -304
155 384
493 523
195 -423
-457 -894
227 44
-906 -773
284 253
743 376
774 -665
812 -822
986 -228
-922 -673
-129 -511
-167 -504
379 -969
-270 -786
-57 313
897 14
-819 -244
194 727
946 133
-184 549
362 -24
-124 588
129 -675
-249 209
945 269
531 -512
11 812
-388 454
347 -176
216 995
-902 74
874 926
-296 20
998 973
-344 -923
-584 -540
775 646
389 649
-463 -577
-81 343
-303 -931
299 -9
