549 118
405 -919
388 -103
157 -796
923 641
-500 -228
-154 -92
959 708
271 -321
427 423
-682 -897
446 -236
-842 -43
788 350
483 729
-592 708
-894 652
-129 -801
685 2
726 319
285 237
-190 975
-452 -76
729 -366
698 576
-550 -274
-584 -390
819 -769
147 -485
104 315
-406 -306
892 313
-449 -143
997 -112
783 606
819 442
316 -701
191 453
724 -673
-390 -381
-350 191
129 539
109 164
416 -79
-250 286
417 -242
197 23
-507 115
606 326
333 -915
-731 813
-141 -837
512 349
825 -73
-279 -867
-448 -518
-281 -226
-971 561
-460 27
-163 551
287 298
-697 -4
-678 -393
-427 172
162 805
600 -20
-653 -746
477 668
361 971
556 -51
-485 194
185 94
308 -70
-9 231
39 -838
162 170
720 -959
437 560
109 166
760 -853
-529 -928
798 436
590 865
948 84
-41 -327
-65 757
201 -746
-86 -640
-71 -306
69 -218
-724 -74
247 291
-109 986
-285 -395
306 233
-101 -483
40 139
401 119
673 591
-373 -712
-893 422
2 233
846 653
-226 -893
-344 -825
-210 872
448 -902
698 434
212 -194
-112 205
29 -595
199 -383
-249 670
-26 276
-877 -424
333 520
-119 -732
483 -396
-127 378
-898 178
634 623
422 697
741 104
719 176
-729 -918
-18 229
743 441
128 574
-739 -590
407 292
-542 -219
957 -289
-618 -176
-152 -629
-597 483
912 590
444 -921
720 524
-168 673
-535 167
-1 994
459 204
795 455
-274 -554
937 -888
-297 -827
657 -363
-663 -739
-130 407
-825 105
121 664
918 -663
-665 -264
-666 -259
896 -15
609 -787
861 486
-290 -64
-697 -768
-329 -831
769 -259
-275 86
-796 688
-944 -88
76 -869
832 -262
-14 411
97 180
425 -337
-356 576
755 262
126 289
-528 301
-718 937
88 451
925 -962
104 665
234 -410
792 385
480 1000
-351 -904
-757 5
560 706
718 -492
-654 749
-162 -736
197 666
-407 447
951 778
965 228
-212 -449
24 -347
164 658
619 -193
-670 -370
-84 860
-476 160
-738 14
-474 401
941 244
802 -907
-966 209
-361 515
113 66
131 340
-645 115
-416 476
-656 666
-148 -708
687 343
-653 -482
689 959
-203 -989
84 696
203 773
-923 546
62 978
387 -527
-214 -912
-289 -616
-323 297
810 641
207 765
337 200
384 849
-393 729
882 336
-567 -582
97 -435
135 -15
-941 -815
403 -299
328 519
-675 724
-979 -390
0 971
-673 -487
580 -997
-837 -114
13 -905
-295 -563
-441 -196
432 389
256 854
999 -363
-563 -840
921 -463
580 7
-671 -44
-838 -939
282 111
656 806
-616 -756
-755 800
-931 60
653 -163
-491 -965
545 748
726 586
617 -640
595 -809
-780 -2
409 658
-955 -885
924 544
-444 401
-705 -600
-206 -285
-489 956
60 -278
-978 306
-833 -565
56 -525
932 -18
384 647
957 -325
690 -716
-957 -907
561 -666
-670 -315
372 946
777 -621
669 -987
50 -46
-152 910
-976 -91
134 -398
986 -603
244 -312
530 -393
637 -21
448 995
908 -73
936 880
-834 987
579 -923
-979 -148
-281 -853
955 838
-407 -185
