636 766
-309 -546
444 -887
261 -342
-999 -60
809 350
102 -740
474 -148
-542 -346
-392 -655
767 131
178 -869
-505 -973
516 -348
152 371
-890 -664
-51 -412
847 366
-143 -985
-963 -82
992 332
-130 597
-518 898
-316 848
899 308
981 243
-27 -470
-251 278
869 781
456 91
353 -204
-35 110
360 -632
390 -142
983 -773
70 -172
711 174
618 -181
567 -277
-578 516
852 118
721 -646
346 -460
962 -101
95 312
-242 -898
681 853
-687 -704
-984 -305
195 854
637 531
584 -1000
-551 445
13 -860
-86 136
-923 365
912 477
177 -948
170 -944
555 -767
-813 -685
895 362
-521 55
-877 -115
295 731
346 128
-501 725
600 488
-2 -112
-489 -750
-241 964
-434 -292
971 -471
353 849
-905 -14
-52 -187
-99 -703
220 -627
921 -410
283 643
-841 -697
422 735
-175 472
555 102
-168 -847
720 -897
-932 -854
-137 -242
-737 734
108 -41
691 -940
-282 55
131 922
-639 -511
-731 68
340 -927
-853 -570
240 -629
-445 827
-258 886
-389 -235
965 348
-743 -317
-947 -248
286 780
540 -603
-929 -911
-20 623
432 567
305 917
-996 559
-978 -141
9 -451
-55 -582
-574 212
84 445
-236 485
642 -348
727 104
332 -802
-817 951
269 -663
369 -892
-316 -63
888 -599
295 -230
-396 159
878 -910
430 510
-276 421
-238 152
-329 -483
670 34
610 719
975 425
968 935
-663 -462
563 585
-42 -237
-766 -513
696 846
-47 231
130 -215
466 -369
-647 774
442 -96
-64 -901
502 -645
178 358
-786 -121
-421 821
762 755
-638 -206
872 -911
-802 274
-692 -491
-507 584
-813 533
-436 -801
-871 -431
-615 -296
784 450
-314 770
338 -159
-71 881
-677 714
-83 -226
-314 -197
-878 -252
430 959
-650 -663
-163 -843
613 311
-435 246
-906 -610
369 -156
968 650
-302 -210
-936 942
93 31
-515 639
260 915
-748 -801
-447 -146
-962 -398
88 22
800 768
-129 832
374 -664
783 467
336 116
466 389
950 -491
787 -523
-454 -8
-126 -858
46 -148
904 -847
855 317
472 -505
328 -813
-460 83
135 -547
998 231
842 452
392 749
699 -743
331 144
-625 753
-318 -485
971 591
-842 787
483 317
578 836
160 -746
71 -44
146 33
981 -124
100 -676
165 -307
495 956
798 -509
932 899
285 -391
-557 770
-885 885
944 87
-371 -524
40 921
-791 -484
497 31
610 148
1000 344
-474 -833
875 327
-837 -687
-410 17
59 261
-206 -902
162 101
899 -364
564 -295
-304 -223
-417 612
580 -25
890 -488
-245 802
646 -265
423 -397
569 780
-176 -372
550 42
-899 146
421 69
-648 201
-739 563
-358 689
719 384
-221 850
-245 59
-605 -136
709 -212
-129 785
-169 335
493 -592
-260 -904
-752 -144
437 -967
-851 -810
-589 97
-165 -327
-171 311
250 -766
-583 844
664 218
-634 -982
999 219
874 401
-637 993
-102 349
7 -794
-503 -586
-854 899
242 -181
724 397
-15 -438
749 967
-443 426
458 -827
916 617
-323 58
860 -123
722 477
402 751
104 -188
-728 -690
-930 660
-666 -506
953 -111
-785 -814
