895 29
194 598
29 -655
283 -695
-864 -334
55 918
55 -173
758 -430
176 -707
882 527
-649 363
415 6
288 -333
333 -618
284 532
997 -141
629 498
191 -927
-863 -489
388 -188
-449 -552
-266 -280
905 -406
275 40
-229 414
315 -308
756 533
788 616
-749 975
-997 545
-539 -576
310 -953
927 -510
275 -462
-85 158
295 854
492 -982
802 383
270 -985
-797 -8
839 -145
-559 -553
-713 -976
-858 579
-568 -846
-665 747
-959 -815
-113 -9
991 -185
336 -116
471 -285
235 673
813 -906
853 -385
-174 347
547 -614
-4 -744
318 -393
479 303
667 22
367 548
-375 -34
-682 -619
-799 -397
364 -444
479 -912
554 695
-854 -928
-791 -596
7 -233
-722 877
-6 -292
296 -301
-341 630
-527 -818
-395 -545
884 862
-740 714
-53 987
-256 -305
-121 122
-325 -759
177 444
0 -150
-593 -904
-70 -862
-226 718
-795 15
-926 -378
283 -720
-896 140
653 -747
513 -857
-137 -707
-325 -788
-609 -393
218 -406
-480 614
-335 30
354 668
876 923
-688 518
-765 578
442 230
-667 -737
-287 10
42 664
-406 -348
998 718
-490 -687
-841 72
790 279
432 -447
-500 -64
-202 480
-574 -288
728 -527
907 205
-753 -437
134 683
262 420
454 931
-644 118
858 630
389 -434
-944 972
480 197
402 837
-751 229
916 128
688 -653
299 927
-675 653
270 -451
-629 -790
635 689
-516 -456
698 -63
-682 -432
-720 945
-215 836
550 -878
-834 -608
-950 993
-649 -90
-102 -399
915 12
-319 -542
-637 951
-762 -611
-129 -63
-177 775
-566 153
-92 986
-321 -121
-662 688
341 722
-195 795
865 -227
611 -386
-502 819
733 -150
951 711
730 549
-923 -227
250 -566
-987 407
-712 95
-244 -407
197 -631
286 -43
532 162
646 -295
339 195
-42 -988
281 339
-64 415
-673 -511
-295 404
708 -122
-816 445
-148 -460
541 -721
890 -389
-416 -143
68 -448
-739 672
879 367
-480 71
57 -38
-759 -166
-909 -654
690 18
-156 210
245 -512
563 -332
127 546
448 641
-531 -579
-134 -416
273 -654
-75 660
-810 -938
-204 -861
627 276
-477 967
51 -864
188 44
-447 958
-395 -133
708 996
925 658
311 -526
161 525
470 -972
-969 -590
-330 -942
-733 -367
-334 -421
-804 -637
871 176
941 752
716 41
182 480
-758 791
-223 475
-482 267
701 882
-316 -158
490 -304
-581 -977
-980 284
-831 -209
-174 -320
482 -73
969 628
-403 -653
565 -65
738 -399
292 -520
-401 188
348 -616
-873 880
636 752
638 755
737 -211
994 -955
636 138
-219 121
-839 -565
282 -930
-418 -941
51 932
563 343
-224 -188
-976 -109
-247 -941
-605 429
-123 983
375 749
839 683
577 -760
223 399
-465 454
204 -638
-651 -442
976 -249
-286 -581
522 -413
898 -975
-502 846
372 -724
-688 -244
-783 -636
662 235
-362 -848
-808 -32
-862 225
492 -735
332 -745
-733 -739
555 -455
968 276
495 -557
-717 866
685 847
709 -659
815 442
403 -928
384 526
772 -367
94 41
-531 -287
-1000 -681
0 221
47 -658
-953 -522
-228 83
475 311
-569 -79
