-681 426
854 601
808 535
-876 7
-62 677
397 -641
604 -817
386 -519
-498 -370
724 479
-32 -950
-985 86
397 -504
-362 992
-788 896
-320 570
-129 241
204 973
513 -836
-36 731
-513 432
867 993
934 -588
696 745
-493 -496
-793 434
279 -246
-884 -962
654 -609
-827 944
-998 373
318 -326
890 -287
-730 -508
-855 -828
-752 -183
-537 715
-267 465
801 -139
235 805
985 13
552 156
-260 -644
-451 127
-79 -622
-635 676
24 400
-856 595
-974 156
-306 449
-316 762
-470 602
-578 -730
766 -591
407 251
-983 755
-361 864
711 -138
-286 -786
596 -398
-270 736
731 871
599 -612
394 -84
715 -238
43 702
290 255
-393 -64
-111 56
-824 477
-127 968
-320 729
39 968
-425 342
967 986
-573 -923
-683 390
-947 -89
678 -724
492 993
498 938
96 282
-128 -404
-492 243
-611 -728
-382 -607
-476 -781
362 796
285 268
562 -614
-756 263
377 21
-256 -610
-422 116
238 909
980 681
619 -630
947 581
-996 -580
395 683
-641 566
975 260
-561 888
-329 298
859 536
-300 -16
-949 -431
358 176
-384 487
472 766
498 -767
483 456
-149 714
-522 -172
568 -521
176 199
119 -345
-522 152
999 -395
832 51
-772 -219
674 -523
814 -357
291 845
519 -267
-532 58
300 -285
-543 125
-801 -834
773 -326
517 247
-141 -316
763 605
795 857
-123 950
-589 -851
385 -874
934 -169
-985 -213
-265 773
-105 -451
517 771
-42 -780
816 559
-224 -303
-940 -218
-938 537
-269 -481
-178 117
156 -373
-475 -4
-686 301
-987 -292
758 -398
810 534
-756 -604
316 946
625 897
578 383
80 288
419 11
-888 -237
194 942
709 -182
-361 991
-577 -410
513 456
-418 -720
-777 -777
-590 845
-606 -70
618 280
879 -688
-619 330
208 -670
728 940
862 998
275 813
-218 -677
-939 331
-168 -408
272 309
147 67
-417 -597
-714 260
-699 -872
-296 -521
-690 323
695 -125
-3 -280
773 558
-314 -949
-764 198
127 370
760 659
586 -980
540 -657
658 181
-520 -415
741 -749
-350 221
-220 13
-648 -705
320 -82
-851 969
467 193
-620 -742
859 660
286 213
-475 39
767 822
-711 678
-471 -815
502 -187
-502 343
721 -807
-1 -339
682 526
-653 812
-605 306
-181 -536
-857 833
974 -666
-917 336
-689 -695
-933 -7
-855 598
-118 -221
-857 876
-847 48
-155 -683
858 -63
293 -821
-105 -938
-986 -901
-915 766
293 -923
-748 -549
-745 -861
-672 -152
-674 -962
900 -441
153 -837
-980 738
950 127
735 -693
-242 -579
-92 -687
551 249
-502 597
925 -894
954 -82
-959 -734
-228 -537
-832 235
919 -328
46 537
-486 873
-653 -361
-848 -24
-641 -74
341 -169
-750 216
-129 -440
-504 -274
257 451
427 -350
876 157
109 37
-198 20
-781 -573
926 -886
597 -908
-78 180
-822 -972
135 -872
622 -158
-170 755
-510 -531
146 107
665 -23
132 -261
813 810
445 832
518 265
14 813
-248 -943
51 -609
505 595
912 -958
431 770
192 -107
-461 253
-265 18
-679 544
420 559
701 -617
-30 -319
-923 8
76 791
