-654 95
-706 -476
-99 -839
-477 730
345 984
-265 299
-523 -592
-631 534
424 -126
-473 -438
935 331
-103 -935
885 -81
-412 80
514 690
-351 561
-339 -19
329 509
652 158
-777 991
-749 -373
844 -51
314 242
817 -698
506 -918
-933 726
-821 -177
323 457
873 826
-937 -904
-676 -623
-180 454
-544 -432
735 -992
-947 566
379 -733
177 -954
-544 215
-107 -712
713 -40
-565 -360
847 -623
-993 603
480 537
-679 -421
327 -537
-666 295
-498 -436
-212 -560
969 -451
-203 55
-484 331
-626 322
-610 980
-125 730
-659 -754
-848 -69
-444 85
535 496
175 592
-248 513
263 -142
-767 1000
-915 222
616 -897
340 -366
-309 -886
612 184
-916 110
-209 -113
7 -921
766 -168
-6 -686
983 -827
-834 858
-435 -430
174 775
603 938
73 -341
-958 869
-82 -84
46 -232
-733 75
-432 -298
928 178
21 -583
144 -991
-197 390
-73 -353
-805 -807
386 345
537 520
-850 -666
277 942
301 398
9 695
474 210
-295 -243
-363 972
-692 494
273 -710
842 522
-94 30
888 510
-451 504
549 -913
-457 -385
-939 439
-364 567
111 626
84 526
709 360
444 459
524 995
-253 358
-3 -643
269 -527
-571 449
-974 -18
-662 155
131 -635
311 342
-639 -891
-328 430
-732 -722
-400 640
334 991
840 -180
191 537
338 286
-204 -164
-366 844
650 -567
-45 -988
-924 -100
181 -59
299 751
-815 401
-576 -557
-609 -764
-349 -428
-63 842
-43 -339
-356 999
913 -227
211 590
-16 -483
705 987
339 947
-442 420
-812 302
394 -885
577 -12
808 -865
309 -31
-333 469
324 430
-335 3
-374 -66
-803 -965
-197 712
-565 20
-828 -162
-235 414
675 -781
556 -571
-72 653
234 442
-447 586
541 834
704 -587
-149 -892
-850 694
818 -453
-502 892
-42 837
-875 -913
-922 -814
-488 653
278 -171
500 -141
119 784
718 136
967 -658
761 -934
-846 -73
-817 563
-110 -509
-362 245
928 -992
-369 367
-238 -994
7 842
211 775
-552 -536
-594 -263
-918 -835
90 837
703 -280
-629 -914
-14 98
894 170
-603 689
639 -761
888 82
-900 566
708 286
-700 -41
-426 922
375 -142
887 -67
298 -377
430 923
-341 -59
685 640
812 799
-504 -85
991 263
-650 -757
-664 220
205 -878
-327 37
-810 304
33 963
293 -412
-82 -247
-744 205
436 -250
665 393
445 -316
-307 -844
277 607
860 -268
31 450
-797 -460
692 552
-639 860
-771 -865
885 409
-691 677
-913 -793
-426 -459
518 767
143 343
840 156
-319 -190
-160 -320
803 -777
-705 513
-870 -409
124 492
-547 710
-522 -211
348 -348
-343 19
760 247
-710 -341
-947 -210
289 830
325 609
663 150
-263 315
920 568
941 -240
96 361
-977 -665
-354 -2
-764 -533
-945 862
130 -822
-619 575
-827 -250
-612 118
-822 264
-122 -708
-80 -722
432 -441
-660 -903
-55 584
-94 964
-659 -92
508 902
697 -553
-295 817
118 -950
625 437
-667 -923
-955 919
448 373
-349 -537
157 -200
-519 761
289 579
953 -194
-992 -640
-796 -657
-779 -764
-382 -278
-283 -223
876 590
