324 -32
-568 63
87 605
746 -404
-664 9
11 -580
182 -217
-78 -414
-829 156
704 609
473 -997
761 -66
17 455
-21 575
111 -974
-138 -24
-549 -627
253 582
474 558
408 120
-662 633
270 337
367 59
87 -454
-427 -907
-691 764
768 251
-940 100
0 816
182 940
-138 -781
548 909
-282 -713
210 988
-261 239
-716 -602
-193 753
351 127
756 733
-147 288
80 -476
-472 550
637 -368
-107 203
-987 189
-275 537
478 174
209 -515
-954 190
391 -449
884 -83
680 239
386 -840
-920 -15
925 -909
531 -322
-933 -709
-153 -984
544 -651
701 845
37 -343
733 244
-527 -894
-989 453
-335 -470
719 273
-739 331
773 815
41 621
383 855
279 -458
399 785
-551 -789
-276 44
-193 -646
-500 551
262 -923
365 -598
-713 842
711 963
336 747
293 -232
-697 86
-999 -569
361 -522
638 901
63 613
-507 -351
251 -538
-946 50
487 -735
5 943
-691 750
936 738
-708 559
-517 -310
-399 650
-257 149
437 458
-295 -750
850 257
-323 704
295 381
23 -536
-686 -946
-15 899
325 336
968 -25
-613 -984
-818 -497
-10 -892
607 85
-52 482
-249 -585
-911 2
825 -398
-298 786
-937 -848
143 -11
-27 -411
-640 -96
925 46
-369 -211
-563 -544
498 -185
487 -8
-185 796
-887 -549
21 446
-161 -426
572 -217
836 73
-44 -777
928 -42
-385 409
-971 336
-334 -640
347 521
533 278
-200 502
245 966
467 964
807 879
-650 -170
-674 435
-119 -574
-563 -512
396 20
918 670
-701 714
628 -199
-94 -365
976 183
-226 346
-911 211
-866 284
-493 195
941 679
951 -585
755 784
-410 840
445 -719
266 -644
-348 -953
-939 785
-503 775
618 -717
824 -78
366 -307
646 -624
754 -49
-499 479
-490 397
-689 -619
918 989
988 822
554 543
-963 275
261 -727
-633 444
912 -493
528 171
122 -337
157 560
911 444
135 -250
-762 685
532 -123
198 989
-542 -946
-852 384
700 -718
428 793
109 -893
932 245
611 793
-791 770
861 -532
-822 -910
-173 -985
-404 361
-438 -913
-712 537
-946 -562
484 -641
469 -899
-722 939
-973 205
455 -488
-464 742
-895 -746
650 -471
-52 -819
159 115
-499 339
488 -942
-879 -52
439 15
45 194
889 -429
-54 891
-204 -715
-81 -594
-545 -272
-439 696
15 -605
-746 -764
582 -16
-684 -141
631 259
273 342
-921 -381
-717 -892
-641 -699
-802 681
-276 562
-273 -965
22 417
484 857
615 -42
-247 -480
-865 862
7 -427
592 -411
-552 -456
811 -409
-930 -403
-509 264
346 102
-623 -349
-44 -935
-381 -549
366 -854
616 -494
591 -291
-625 -33
-827 549
78 -496
-854 -102
-380 -102
-902 -205
-388 -765
-744 588
541 574
-700 -325
242 -890
-137 295
-906 991
42 -750
-745 -290
40 367
196 20
-725 87
25 394
998 -673
377 -20
808 575
450 -538
48 286
654 684
-894 -673
-741 -515
386 355
731 -62
-411 865
65 -941
563 -70
-886 427
367 -373
331 -555
-501 828
276 -721
-141 304
-27 269
-255 492
-355 -240
675 445
198 -379
346 88
-128 -405
