-780 -674
-34 635
-977 -244
595 426
138 -215
711 -47
662 -979
-761 719
-26 -491
-185 -554
641 -320
967 -880
940 211
-235 671
425 -630
82 -858
-549 -968
-298 478
-686 89
646 -380
-12 -132
694 -652
866 -455
535 -195
827 -830
-495 498
-75 566
183 153
692 -272
66 24
-509 973
-409 971
721 612
-858 666
773 -42
-326 -46
575 215
-252 -515
-541 -834
-51 -531
-278 145
719 -361
944 -508
744 -410
259 -22
582 -411
-30 -856
229 -116
-731 -371
-416 32
-895 -31
-906 683
663 818
725 138
-732 -510
-662 -445
69 -188
88 -558
245 186
954 945
705 -575
802 -132
969 914
-507 141
-649 798
51 -329
-588 -21
425 -178
507 -102
360 -10
-305 -907
-937 -536
183 461
-466 -312
133 628
-512 354
-130 -31
-717 600
-561 -216
-546 938
186 -633
458 206
-786 583
-648 665
501 986
432 956
217 -556
-866 -130
392 -137
-94 -29
-329 222
-949 83
151 202
917 764
-544 788
922 32
179 944
798 755
-769 -2
-450 -373
-747 -866
349 -264
864 205
824 526
993 -136
-315 909
-70 -97
-297 895
-460 144
970 -938
-145 76
-606 -621
855 -355
806 936
750 -741
401 371
179 567
204 976
-879 378
-49 -192
-45 946
385 299
-888 -170
-935 641
-832 847
-394 -836
-57 -24
-401 -812
-552 -87
-177 205
582 245
-383 164
419 -781
966 915
302 -948
-933 -936
979 649
53 -258
-637 168
-37 -918
-562 -454
466 455
265 139
325 -865
-962 -415
-382 -136
-613 -235
69 -925
-418 418
678 927
-627 -936
634 -897
-154 581
907 79
533 111
-900 -555
-197 868
-167 196
85 596
329 -181
483 -171
-318 -209
-953 431
871 776
367 -97
120 514
-155 297
264 347
-148 701
-682 621
559 -344
-709 882
188 -590
-31 225
-555 843
678 39
177 792
86 241
396 874
-806 -237
258 -91
217 755
85 -766
-804 -765
725 193
15 872
766 927
147 -192
-816 324
-357 731
919 83
-993 -472
633 -973
-907 395
-354 -123
-875 -830
647 -759
209 780
-481 922
684 905
214 -546
475 844
803 -291
313 888
286 -441
-954 -70
-857 -967
-605 10
-706 -597
-610 238
771 -317
-12 -424
-500 -640
197 556
649 -244
152 -765
955 -757
-902 -748
501 136
741 652
858 813
451 388
-483 932
-399 39
426 968
143 -972
112 163
-444 -545
260 -213
-331 579
233 589
-878 -623
-284 532
-468 189
-612 -934
-907 -607
4 -54
966 -513
43 -645
2 -547
497 -187
-358 -6
592 -754
-433 -751
858 -510
-516 -12
-127 761
512 -962
-364 -566
-768 294
416 242
715 -220
-746 -293
449 -147
471 663
-390 772
-418 178
-299 -500
464 889
379 -42
745 -442
-422 -190
765 975
703 -268
284 -498
-766 -579
592 542
204 -235
398 -339
791 -324
-488 846
541 657
608 405
-396 452
624 821
288 -923
892 219
674 979
352 682
-102 315
870 553
-898 -106
727 648
604 -675
78 -910
-143 -860
-151 -377
-246 863
771 -230
-272 -579
-128 807
150 -398
-695 293
-857 -861
-193 821
-51 177
543 -55
-818 729
-504 827
507 -647
