946 -419
-653 -610
-101 -980
510 244
-119 -802
226 915
-654 -514
888 217
-220 524
114 -220
607 256
1 510
861 -656
920 350
906 -740
396 859
611 858
494 -152
664 -398
-79 -26
-916 -77
-591 -210
885 498
540 -510
-196 -587
-524 -302
925 -844
307 -92
-443 -112
320 31
88 60
-31 810
-821 725
-163 -966
328 56
903 567
826 906
763 368
13 428
-307 -609
-568 666
-189 -185
-297 -82
-41 117
-872 -848
216 -190
347 943
719 -852
231 -209
900 87
292 -687
721 892
-128 43
-446 627
-221 522
-736 698
412 201
-664 613
188 -653
-764 131
-311 -712
-356 -363
152 901
689 338
852 766
-664 -828
712 139
-54 -397
354 530
-927 -228
-368 656
121 -74
-858 627
369 452
-21 729
825 -319
-820 -209
-650 545
-774 505
99 -309
-453 170
216 193
-904 831
883 -110
-52 413
-924 -510
-733 485
-901 -798
-253 198
-99 -1
588 608
-266 846
-42 -883
-608 978
-924 -941
891 -434
-232 -550
695 797
392 86
-548 251
303 429
554 -715
384 -503
15 482
116 985
876 -186
234 387
-228 -279
811 -678
-141 -959
705 349
-730 -557
-95 -269
-80 285
-205 791
-625 -780
-168 -534
-51 407
-641 -37
-841 458
-417 -837
-668 -768
-462 955
-965 763
880 -552
-947 -955
-115 -48
945 204
-359 166
-108 -98
424 603
-458 69
597 723
-377 -98
543 2
657 793
-167 422
-469 876
-499 -71
-962 360
663 -915
510 482
413 -63
-861 -734
808 269
-270 -70
-94 637
-61 690
942 -372
970 -863
641 313
667 970
-136 608
416 269
-100 -859
32 -289
-911 -16
633 612
-729 -300
-788 -474
-963 244
649 -648
-545 897
937 -350
394 215
517 -632
451 202
-464 -296
736 168
362 969
-688 757
954 -82
-37 275
762 881
193 465
-445 -272
73 -574
989 -617
790 182
92 -485
-67 -92
-772 96
39 -970
40 -243
-723 794
299 395
701 578
-79 3
901 83
762 -340
410 909
840 849
-895 -472
194 109
-474 60
-203 -226
821 -550
899 682
-770 996
-930 408
-302 367
373 -992
-725 129
173 735
-513 -52
-949 248
15 -45
-505 -923
357 767
-965 221
-396 -577
-66 755
903 -365
489 -323
576 684
273 37
-842 935
955 680
274 -215
349 660
832 561
434 -402
-242 -553
937 -309
959 -53
135 -570
-528 387
5 -203
-485 318
936 112
645 -28
92 -831
382 375
841 -992
929 101
-827 250
43 -584
507 22
-986 433
-296 696
-490 -573
-369 -432
-73 -409
-313 -553
-488 70
581 -124
-810 706
699 460
-62 -478
-685 -996
949 -817
892 -607
21 -380
687 -840
-542 618
759 -58
942 -920
693 516
498 259
-803 212
521 987
265 -125
283 535
620 616
-654 -708
-921 -390
-51 58
-721 -737
-163 42
-387 779
114 -688
-405 200
-645 -383
374 145
743 373
243 343
-973 -993
909 -416
-597 908
3 80
-643 976
-239 243
-764 848
38 -618
-547 285
622 -333
-873 26
811 -19
-843 848
-775 822
586 -110
390 611
352 -369
580 -877
534 -455
-417 672
-216 -268
530 139
-323 68
-270 -924
