-585 125
673 -716
666 -792
294 171
751 -859
565 521
-979 371
355 -563
708 -465
-928 608
192 739
272 -940
542 287
-129 755
-641 -674
188 -865
241 -998
-588 598
-408 -114
-604 401
-489 16
350 902
859 -643
301 349
156 420
-519 267
-552 -561
-862 -637
635 -631
825 78
-329 673
-492 -667
384 589
-44 -365
-730 -86
-676 -871
948 250
-953 -960
-836 -108
-170 -14
-1 -312
-449 76
729 -633
-992 102
529 167
345 882
377 613
-334 -714
332 -167
834 -494
-281 -288
172 832
882 -283
-518 -130
478 745
-751 700
-46 700
-661 -94
-160 666
897 -765
727 -194
982 -781
547 333
-483 550
125 -697
202 174
-48 472
-852 -264
99 208
398 -308
374 -603
-655 262
370 414
-714 775
-79 -44
-136 913
941 -544
-788 633
-651 90
-190 972
-938 339
-858 465
-531 586
-84 598
-537 -337
905 -596
-600 302
-541 -6
-294 833
-768 914
59 -112
-979 -454
59 181
-967 919
-418 -376
348 -485
-389 -297
-282 -73
-621 8
736 -47
706 -549
-21 89
-454 929
-318 37
-924 780
371 11
86 990
174 -565
558 -413
-738 538
502 -328
-978 193
456 -613
-208 -389
765 -221
925 -310
-557 -509
-564 -633
540 634
549 504
253 706
-698 -761
724 239
873 53
-252 890
-952 660
-99 834
998 -825
-187 -697
-381 574
131 238
86 71
-198 -370
-794 -665
812 -74
-510 -77
-660 764
-114 -116
-29 -72
-384 218
268 -234
872 -224
-368 -234
235 467
-81 311
760 -507
-994 389
-643 -801
-868 628
-615 809
207 108
91 422
-919 863
-680 472
-594 -245
909 -360
-221 880
933 934
681 648
921 -513
-926 -4
-442 589
-575 933
-33 335
971 -446
-990 139
-971 -545
-590 916
946 -256
-320 59
-237 -956
276 -994
526 -998
224 -878
98 -921
-374 -191
-817 701
894 -431
-644 -484
434 662
671 -762
791 479
-750 -459
986 103
-800 339
381 -347
-987 -911
162 -774
997 -207
-9 503
667 -636
-604 333
781 -812
-714 -136
-386 70
-3 153
545 517
-4 -540
-492 -403
-257 177
364 597
419 993
-364 -81
276 65
141 -791
312 79
-613 699
-413 -638
-849 543
-817 -51
722 86
-351 -404
722 -243
-680 324
500 443
627 -25
-669 -436
656 33
146 660
-710 116
-256 -704
761 -218
571 -737
-664 301
205 29
-195 -313
-92 -634
470 -193
-317 -810
204 66
955 -314
-161 -146
-200 847
426 -967
313 875
-952 -594
320 -654
658 -438
-774 -47
-822 131
150 -771
-675 -479
292 -389
14 -974
528 23
198 -469
488 117
718 342
479 -421
-810 522
-603 305
-176 988
951 -479
809 405
541 940
-205 -645
895 101
367 614
972 365
-684 113
-844 311
649 -99
-442 -533
-580 -78
-978 260
423 -765
235 444
277 -21
-710 865
-296 -811
91 636
-820 -574
-624 -650
-278 579
-532 300
-331 224
631 -922
550 -809
-762 -292
-717 942
178 -709
261 -204
290 462
732 -824
19 378
399 919
-165 -63
636 -832
62 -689
-476 -207
100 622
353 -436
-260 235
-142 737
230 -746
-243 515
-364 -525
-648 -14
-433 -189
-630 -286
