-226 630
43 724
-656 217
-740 -996
475 5
359 309
-777 597
87 992
-180 -549
563 -529
579 -51
182 994
-590 812
-43 924
-813 -261
772 695
-545 -466
-349 117
-496 167
816 608
-178 -420
405 -799
330 -474
-563 -112
-560 -766
259 390
-146 823
525 -29
170 -926
45 -25
346 920
-164 -737
-923 -820
970 252
511 185
-942 797
-782 -447
-816 985
703 -484
414 -775
-509 347
667 -531
826 318
884 863
461 265
-1000 -155
238 161
232 408
365 165
215 -881
-484 202
77 197
953 -45
-987 932
331 836
-361 -734
-511 522
102 453
-589 -428
-520 -740
624 204
318 -796
-221 -811
604 -645
-916 -829
-686 670
-43 324
92 -707
983 123
-946 223
744 668
-286 632
-668 977
863 572
688 -573
810 -527
895 -533
924 -945
-593 -872
-878 758
-245 145
-727 922
-674 -748
-695 60
759 471
528 498
-523 -962
240 -489
569 227
-410 -984
384 -686
959 -223
831 -629
29 568
440 57
-309 -750
285 115
-370 866
383 678
515 828
259 56
-371 -298
-885 73
381 761
-955 767
-880 971
-188 786
-962 -137
-441 361
-777 -463
-360 309
31 -274
813 -918
866 954
587 892
269 -370
1 560
983 813
-833 169
403 -711
32 -48
234 -151
-966 -682
664 752
346 506
-274 -865
502 -926
679 73
-770 -221
-204 -685
-396 -482
458 -915
-665 -413
-805 252
120 -141
838 -762
913 -777
-622 374
969 391
-829 747
878 593
538 -668
-34 932
915 -490
261 452
166 493
-711 -944
872 -424
-926 -860
-477 505
-805 964
-302 826
-794 -304
-182 704
-451 884
558 -993
172 368
-908 352
770 485
-353 -624
-308 627
-41 -289
-301 19
957 -257
98 381
-807 980
-825 -265
-279 -800
398 -156
858 -209
572 -726
-835 627
-498 901
692 845
503 -690
590 922
165 -462
-6 206
243 -953
-68 -125
90 -845
848 -495
-730 543
204 336
-202 -438
-318 291
483 245
31 886
862 845
-512 748
191 -975
980 -213
-253 34
225 -622
-612 353
-311 83
806 -186
405 488
-220 826
991 -989
151 -221
291 502
831 -798
390 -366
511 133
762 303
457 808
700 -690
573 -389
-855 -956
171 -471
440 -4
351 -829
209 707
963 -406
499 -532
-33 -147
670 598
-10 749
-916 988
735 -736
-479 117
-108 -902
411 475
472 -3
-940 524
416 800
-885 67
-693 5
176 587
-653 -884
364 -292
555 699
598 270
-781 -728
-433 526
-117 581
1000 -719
940 784
-98 423
-452 -750
104 506
486 -399
529 -692
-172 -331
668 948
-730 634
-987 707
992 -256
-996 -501
-60 843
-611 862
-296 366
720 -861
683 132
344 351
391 -684
-861 -419
46 -119
-524 -74
-356 572
-177 489
385 -293
852 22
459 -427
58 332
-673 355
989 -178
664 -287
249 597
818 -53
-727 563
-995 711
553 859
-180 852
-708 -16
123 -943
-708 -890
-37 557
-143 414
-454 979
-295 -418
507 -703
567 -310
325 559
-952 319
826 260
-107 510
-719 851
522 -147
-744 -466
985 574
-163 550
-835 964
-303 931
564 -271
-571 -276
531 552
46 955
473 -274
