-398 374
-941 315
5 772
555 323
468 -692
307 -493
629 400
-373 334
581 801
275 -181
160 158
55 494
-139 -275
229 866
339 -809
-735 245
-479 735
395 214
518 166
-760 -695
352 776
-43 -155
-991 785
-582 382
-998 735
390 -689
-436 276
-569 -775
950 -361
-781 201
649 -532
951 -33
434 -529
428 96
-171 -411
-192 957
-626 199
-807 550
-975 -109
810 477
-62 24
310 871
586 888
548 321
776 363
-421 -196
-879 -951
-926 -305
849 -267
-706 -625
846 -554
923 -969
-939 -81
-558 234
384 -717
-350 95
6 588
347 -377
-914 283
-322 137
757 965
964 -6
-127 120
-100 215
-300 -324
630 -105
918 -882
-189 13
516 -195
-623 940
-837 12
432 274
-883 -640
-180 -962
552 528
-322 -371
-248 664
-155 197
23 945
-710 -114
-590 767
951 -598
367 -88
-240 -661
724 -208
36 625
339 -922
436 565
-778 -828
360 -820
-919 -817
450 -37
150 -99
986 535
419 159
-122 -572
-373 -470
-276 -37
-940 -497
-589 327
-751 -15
400 -356
-946 740
-13 888
-353 -10
89 -219
-864 255
-870 -851
447 958
-244 -12
341 308
408 -343
139 -281
-646 -17
984 -680
-741 371
956 -101
591 405
689 759
159 161
-215 870
448 -203
-210 274
796 680
940 20
-274 -314
420 120
820 -400
-266 -296
990 -165
-378 346
-65 521
999 654
-624 61
-999 -996
-335 17
-543 -447
223 -105
438 -246
323 -773
691 -710
176 -566
-396 7
898 -796
753 -440
-895 -172
-880 -909
-621 -16
743 773
374 557
630 -564
-850 -425
29 -342
-527 -820
-388 -92
-720 189
-994 -5
67 -965
197 -362
648 -137
565 739
95 -569
558 426
-787 63
-508 517
-362 338
-531 -788
-489 -586
428 -893
-140 -414
-734 760
-77 771
718 -412
-957 -879
-9 242
608 670
-10 851
126 -497
773 445
-671 571
-75 841
-226 290
-396 -937
-864 -144
813 482
-73 -866
-405 -371
-184 -55
-34 424
959 203
-609 -407
-560 979
271 815
-538 202
292 679
259 229
808 -930
-382 -447
986 296
840 767
-815 -97
32 -495
-165 429
810 -324
-656 -33
393 -237
947 -644
-979 -955
-395 641
736 750
-561 -568
512 -605
797 411
-391 -236
-281 796
610 953
853 734
-137 -312
-943 -753
170 -917
602 506
649 -483
767 882
-314 449
954 983
878 760
-273 -921
195 -141
846 323
505 -822
383 287
303 716
-924 -709
-486 992
153 849
910 319
-775 242
485 544
443 621
56 333
-552 926
21 644
-779 -35
836 834
519 -189
135 220
-126 -400
166 -89
239 563
906 -380
313 -520
-227 115
-215 -609
178 -321
830 73
648 93
954 -474
-546 -582
400 -786
-163 -116
-467 -797
-523 761
-64 -268
165 478
-356 -308
-816 619
-812 -668
-839 706
-703 -294
37 -125
89 900
-5 -227
-636 548
732 -160
-918 -273
388 -513
-540 538
552 76
-209 -649
775 376
202 338
576 -788
556 -621
-696 825
392 -465
-166 747
659 -367
465 -292
-374 -384
-764 700
934 -691
-804 448
509 398
-315 97
568 -172
-301 704
605 -596
-389 -106
227 -582
960 669
