-108 187
410 642
-618 950
333 433
584 193
-494 -923
822 -779
643 848
115 -746
-617 -621
-515 -281
-614 -13
-28 375
778 -722
-450 -510
272 175
954 145
-873 11
909 -8
842 340
38 626
-314 -778
-39 -261
-934 693
-961 -606
-150 147
8 686
-481 420
-191 431
974 490
971 342
-629 821
263 -521
-849 -81
738 353
-935 0
-218 327
-831 290
-252 -641
282 -129
637 -602
-80 916
-355 -841
-229 967
718 -539
-238 282
573 115
-664 477
127 768
744 574
-665 428
475 -324
692 697
-759 805
-942 776
30 -485
-105 644
541 470
791 -608
-520 -428
12 -272
825 -228
-269 -268
-790 -239
115 -298
-538 -554
-972 758
-856 -231
-239 162
-550 827
912 551
527 -471
-333 507
254 456
907 800
725 -123
-679 710
-122 704
-629 672
761 -756
-408 613
574 -300
41 -719
556 845
277 269
-1000 520
714 39
372 275
-64 21
499 -723
-883 38
-147 -788
119 420
425 -983
201 873
653 48
-1000 -167
924 262
-136 -434
162 123
961 -73
-759 -82
108 -615
864 -703
-118 -492
-109 28
-373 936
552 -768
-258 171
329 92
137 857
714 92
-920 -165
126 -55
226 630
-670 939
-793 911
572 -232
366 197
517 -122
784 623
791 -192
-709 925
-13 -22
-468 -870
-725 425
342 -223
-200 -360
-138 -474
-982 -833
779 -669
-767 6
-743 -43
-507 -187
930 276
437 508
-486 -269
195 671
93 855
-144 228
-911 -387
32 -598
-194 310
-202 -857
-769 856
-471 840
-618 466
-848 -6
571 916
96 842
618 821
-766 -22
512 -77
-664 311
-993 971
457 737
154 -10
-266 665
292 586
-947 224
-716 -402
491 -289
467 -862
-276 185
378 518
-680 -87
-227 129
-82 -528
-723 -752
262 801
473 -190
470 -866
-107 -346
-384 -408
-783 332
308 17
-974 219
-614 762
-232 858
943 277
-398 -516
452 845
990 -862
-12 796
817 494
627 95
72 -187
-79 459
-291 922
742 894
-79 932
579 723
370 43
-192 904
157 -603
345 -665
-313 957
967 346
727 -557
-792 -780
615 -982
-426 -613
-477 433
550 -354
-259 -5
22 -147
723 439
846 412
-642 983
97 920
-406 776
46 720
-836 545
950 182
-9 -292
-534 -480
526 -617
-63 922
889 320
-131 -67
-286 -645
694 -863
-939 -491
-247 787
-659 -242
322 -887
-264 155
215 645
179 -619
501 -979
776 -955
-524 153
-726 985
869 -595
947 -671
607 13
-957 556
292 520
428 12
-371 -968
888 -742
-107 224
995 462
-293 -248
106 62
-265 -159
-218 -169
427 215
801 -640
-45 -636
957 -736
-464 -206
705 112
-85 340
-20 -134
572 -496
-678 263
950 144
-15 851
-829 390
-680 -620
155 999
380 -282
-302 -562
400 566
-566 -827
473 -223
761 -329
-486 129
457 -761
-591 185
-649 -354
517 -35
-556 984
177 308
-239 -515
-641 906
704 -627
913 475
-450 -138
-705 -392
-723 624
-241 684
302 598
-934 295
191 41
-957 634
-951 -111
125 -870
-243 -38
-207 -577
-40 323
-28 106
-993 -906
-560 -454
-850 -537
887 628
36 547
-994 329
-168 914
