-113 268
29 502
170 -343
-908 -247
-64 58
590 873
658 -897
980 984
404 966
552 391
-922 308
276 134
229 282
538 86
302 842
-892 336
-95 87
916 -812
954 -422
829 81
967 -453
789 -934
634 -570
-117 853
-466 220
965 198
59 -994
584 -921
-474 322
995 912
-625 855
792 -41
-479 612
-531 -125
-354 90
-2 -359
-492 -205
774 -455
434 -579
661 -164
689 -754
919 462
-344 697
534 -330
-693 -154
-337 -634
183 487
-251 -687
902 945
-135 642
-482 374
-283 591
395 535
216 59
-350 -610
628 312
-679 263
655 253
-797 -304
73 -432
397 -282
168 60
-688 -322
-885 229
-583 -806
-335 -754
6 -317
-736 -985
-566 770
-871 -671
468 69
-36 972
525 809
-665 -289
-845 824
191 898
998 989
319 229
50 -538
827 564
87 630
307 627
738 889
-846 282
152 58
903 -269
393 -532
519 -492
-177 -629
271 893
986 482
-664 533
453 851
22 -149
60 -511
958 582
-769 75
-19 -819
102 -304
765 497
323 -857
-792 -452
810 -324
116 -988
227 641
-966 869
560 -324
555 75
-383 -24
-245 -309
381 104
-716 -866
-633 230
-697 -726
262 -276
312 -957
493 734
883 -463
777 -980
308 947
710 -820
900 483
280 928
891 989
-557 -702
-833 627
-970 950
-443 -978
-9 -439
-107 -743
351 792
665 -661
-819 244
-896 -286
-936 -971
-816 -242
81 580
123 6
-341 -274
-904 -92
376 -215
-975 262
-519 615
636 -50
-359 -794
562 -963
-822 -692
93 898
524 -118
780 -855
237 -111
-883 -634
-636 -224
980 -26
-36 -169
378 420
853 183
-71 588
-736 -484
-926 138
282 101
613 -293
421 -113
722 -646
-517 599
-295 147
-505 704
-465 -488
-56 -354
-322 -503
-628 330
39 -32
294 -397
-35 21
-339 -334
482 747
78 295
156 -889
935 -877
462 -991
852 -270
413 646
712 561
-580 114
-81 -44
19 -417
768 -464
-307 207
-346 -126
727 -291
499 45
-377 228
495 -74
491 -591
995 393
743 1000
550 -958
-349 -994
-13 558
403 250
-169 -637
-921 -491
561 836
542 572
-506 267
566 473
459 -744
788 -38
-594 823
-512 830
-598 518
570 -536
712 -570
616 -433
-612 -859
-911 -884
-397 590
-244 107
-474 -311
966 -68
508 -785
-496 -518
-279 -829
-44 -655
-336 -960
911 -997
-551 357
140 932
-246 485
-506 994
-981 437
205 363
329 -193
-293 104
-91 -190
762 455
-695 -443
-409 118
-59 998
597 -403
-618 790
346 103
-201 -880
545 941
491 -763
610 -888
-669 -178
-514 740
-146 102
-770 661
965 -440
147 983
946 43
-446 167
-357 -828
-313 -409
-116 22
-181 739
563 -654
-374 347
-600 719
-368 -776
-220 -741
570 467
586 17
-141 -804
-965 -101
-589 685
955 35
223 629
-18 -401
-751 597
-531 -217
-107 -48
485 838
-433 491
263 -208
-974 -514
-270 -675
40 -24
175 -386
-419 -643
395 474
685 779
96 -687
-502 -222
-686 947
-537 831
-331 336
785 824
78 593
-574 -191
40 -729
-365 130
-831 763
650 -721
-117 -65
-568 141
99 364
966 -91
