289 39
617 898
288 608
-761 -112
908 -282
-823 357
624 821
-820 -392
-449 554
508 -731
161 291
165 -153
-896 229
623 -368
785 -328
-903 -658
289 -223
424 694
931 202
542 216
815 -327
883 490
-36 880
444 -44
-299 687
273 -460
1000 -796
648 435
-312 -261
311 869
-447 -224
344 464
-549 -801
-200 -266
368 -304
-215 28
-769 734
-550 773
-815 784
-139 -912
99 -467
910 733
644 636
883 -7
94 436
224 926
-719 -552
539 222
848 324
471 783
594 115
895 -207
-500 236
-811 -63
778 -583
-109 -382
225 675
629 683
-595 950
-135 623
-870 -534
-146 279
-503 735
728 415
-855 814
445 457
-457 -513
131 -732
593 -223
-429 894
-325 430
-649 866
-253 -127
725 243
928 -578
-151 754
282 897
33 -887
-736 -694
-394 -822
89 -254
699 -573
283 -193
307 682
-950 821
-793 -894
149 -246
-209 -761
407 -10
-13 923
394 353
-702 -859
749 -339
389 -909
-476 386
669 -946
989 177
-898 -475
-921 -380
-38 -513
-582 -539
69 404
-886 -631
-357 649
862 455
-537 900
-372 400
363 -255
-854 616
-332 -175
659 -928
169 920
-205 682
335 902
568 -656
439 446
-656 483
655 408
-786 -299
280 -225
-209 965
634 875
-815 -322
742 -892
436 873
582 978
210 -335
633 460
620 801
335 102
-394 700
-661 21
-936 -228
512 -30
976 765
753 317
684 918
-169 -204
399 230
-564 -670
503 -973
-974 554
-757 -208
-273 -610
510 -940
-935 -783
604 243
-841 -462
566 574
-327 -60
-425 -5
-699 -639
-586 229
-339 -501
-660 733
-639 -7
-956 -171
-214 -316
-782 932
-644 382
987 -535
208 -274
374 -915
49 402
496 -408
837 -406
-311 -806
-981 337
443 -339
-860 574
-120 850
499 -158
-312 426
977 -360
-143 524
-976 -56
-727 117
-426 804
-156 284
-947 59
588 -907
308 588
332 409
93 -101
-671 661
154 86
841 -629
-39 288
-810 -155
125 -581
954 435
-186 -859
533 -934
618 722
-162 -300
285 46
-243 -445
579 -546
-215 -568
574 -578
705 -728
-367 -835
842 906
-867 82
687 -618
-277 162
-113 -514
210 -520
-321 -296
-10 -817
393 -797
-164 478
-948 75
-5 -419
406 930
-100 -441
-840 280
18 -892
-396 318
-372 848
278 629
763 -803
-926 45
953 -934
-371 -901
-497 -152
273 -321
-1 32
68 -954
942 337
125 -828
436 -619
-142 506
-205 -795
-411 14
-18 541
243 -597
588 -844
-591 855
-601 380
896 -462
-774 -803
284 -140
-362 971
-443 -374
371 -571
576 -249
768 -587
238 -950
940 -152
-801 650
154 -348
-685 -687
788 -956
72 -536
912 -977
-446 716
-692 781
-374 869
-856 -969
360 -56
139 64
-991 -737
-211 -694
311 -100
374 260
377 350
-142 224
-6 -827
-773 77
-865 -916
-742 971
630 -93
94 -847
-288 -114
-413 324
-804 -510
457 -835
569 -156
977 514
56 -48
806 -798
169 983
76 -985
781 661
-659 724
524 562
-179 810
-840 -398
-869 918
-160 -954
-258 -537
-131 -17
127 -719
856 440
-740 543
992 -298
-635 22
239 -55
-930 -189
