924 -765
-276 -921
195 -491
-557 -887
-338 -486
-269 290
-10 105
902 -133
228 223
-385 -943
-775 820
-800 -725
520 708
910 241
826 103
-735 931
275 382
409 -242
869 171
971 -852
-32 298
404 212
122 854
-572 745
659 867
990 -521
-898 956
-266 105
515 -21
-500 285
743 -581
-72 547
-185 -462
438 -62
-656 524
888 485
-661 -877
-177 -456
883 -491
-913 324
-592 237
798 837
-362 654
-736 -830
326 812
903 124
-722 -607
-690 -835
-82 566
722 400
655 13
17 -473
589 -578
-422 -695
607 250
776 -455
920 -885
-343 -646
-671 -602
-540 -905
-613 -336
781 -63
629 -725
-218 731
520 -207
-729 -608
-926 -10
-961 -444
-399 -73
-108 829
-88 -405
804 -287
947 263
-701 -554
944 -423
409 -520
94 700
247 691
132 -611
-902 -234
457 347
-490 -789
54 -836
34 -912
11 -449
417 600
657 -540
668 175
-38 411
-76 -772
-93 -812
-272 720
-34 206
-548 872
940 301
-190 138
-863 -771
184 571
-669 303
-804 -764
-850 939
195 123
-533 185
-782 998
464 872
147 721
828 -267
-956 255
-376 659
529 812
150 -685
-269 -890
-809 -838
649 -102
-835 -700
148 39
-327 83
310 421
-585 -536
-172 353
687 -665
-546 938
781 -69
-436 461
581 -565
-340 -609
109 277
-698 44
484 -151
305 8
-588 972
-995 -940
-177 -481
-725 170
312 875
599 591
-669 -425
15 -447
329 -684
838 425
554 621
541 759
87 593
-208 -926
-284 -712
355 -532
-447 -125
751 -812
226 1
73 173
593 -698
-950 7
-724 -640
-972 -210
-916 419
-424 -620
-264 785
-141 579
964 489
892 -89
73 -445
-596 -935
-748 109
-369 692
-941 -927
-57 396
636 -398
191 -319
-814 479
445 63
-348 -310
-85 866
232 175
793 79
64 291
-241 -821
-625 811
-463 379
-941 97
-279 -748
964 288
469 -628
-934 260
-832 -104
-630 -389
678 263
607 -190
912 698
-904 675
982 894
-927 -950
-218 -66
909 -140
-721 -347
-118 640
-972 -811
-213 -901
584 776
345 203
-230 -421
638 711
508 -175
-457 852
423 165
-906 -888
-399 897
-757 975
-600 -800
-713 330
-153 -253
-863 300
472 -956
-594 -901
-496 -885
324 299
-394 183
-201 723
-819 383
883 503
-422 -611
333 -874
45 -203
867 661
-136 608
-530 331
234 -116
-544 40
-689 808
-57 648
-537 -909
173 280
201 -559
-334 372
812 -963
-909 300
274 -306
-456 351
-845 353
-314 833
-309 779
265 -622
641 76
-284 967
834 -392
799 -369
-100 265
-445 -666
-473 -602
-520 -809
502 678
546 28
971 -516
523 162
361 450
659 420
129 858
-425 -299
-230 413
-143 19
825 898
-166 520
-937 -614
696 -351
62 588
54 -401
-770 473
-876 851
-18 617
899 189
31 -836
-80 -445
271 -975
-728 -103
-548 289
-773 9
654 -256
-180 445
792 713
641 970
-434 -354
-312 -19
304 -555
-935 -338
-417 -99
-893 -839
-586 -537
407 345
-227 -647
240 519
873 -406
650 918
562 371
113 713
138 -105
749 -632
870 -113
-389 267
-281 113
878 908
890 25
