-616 537
-632 -495
-29 373
-917 122
-203 242
626 -194
233 -897
-737 373
763 690
760 265
574 -912
911 490
874 -753
-162 838
-338 -649
30 -167
-783 349
-757 -463
-221 -907
-669 -193
-866 123
-309 194
799 -754
-938 954
-484 -86
563 -994
-655 802
-53 -839
902 -478
943 142
-398 -463
-90 -897
133 183
-212 348
693 -591
884 913
772 576
-60 -290
-241 889
-863 -363
-459 390
648 532
-795 112
4 -299
813 579
-309 686
519 -693
263 335
-616 -584
107 947
-684 -426
-792 -428
-523 281
-680 732
-788 293
-559 454
496 -988
47 5
665 354
-827 608
738 -364
-221 -195
534 -523
-694 119
739 644
571 122
1000 -348
660 472
-928 -97
951 503
-270 956
-61 698
433 736
-515 -988
-404 732
-383 415
-275 -183
-429 -365
68 968
-906 -676
923 231
-578 -685
586 807
-763 235
-59 211
398 604
401 -369
383 -711
-698 201
-869 -555
-471 595
-70 715
-248 -450
-468 -401
-672 -367
-411 -887
-589 -439
-210 -86
-953 -401
3 314
124 -839
857 -720
-963 284
-289 -149
840 -505
-313 220
-638 -738
628 283
803 -202
661 201
694 335
-859 -274
555 -511
340 -956
160 512
-922 -451
598 281
-9 -347
538 161
-83 -984
-478 888
836 350
491 125
-248 400
-539 -256
144 -680
-445 -522
-132 256
-695 -841
-988 -768
-115 -532
479 -424
873 -724
418 -257
689 695
-696 -244
743 -45
-17 110
269 752
-924 -246
183 442
894 -7
937 833
-192 412
-898 -683
968 -182
-978 582
-340 -248
-332 306
-92 -404
787 755
571 331
52 914
-135 982
816 41
-790 308
629 -30
773 477
-253 -441
247 876
-892 513
-924 -580
760 427
-60 808
888 174
-775 303
836 865
50 -46
736 -224
614 -993
-28 348
-920 -603
-720 880
30 -40
-379 8
-68 641
-420 -803
888 617
-782 -119
-923 867
376 -600
-4 140
948 -337
-367 -157
664 356
595 310
60 976
-99 128
-150 -443
267 -737
-776 895
633 952
263 -277
993 -320
-846 848
515 -805
128 385
420 -928
-495 -890
184 207
-277 999
884 -627
569 -478
-6 -782
-370 -931
959 -214
169 81
-632 329
-853 -695
-118 -393
-166 636
117 -17
-519 176
823 -926
5 -991
-557 -510
338 641
984 238
727 52
-757 -555
703 729
-768 -558
376 985
-942 -750
768 608
616 109
472 -276
-956 532
-579 -810
38 -871
570 606
743 -104
72 -211
563 810
-771 666
-277 -762
579 836
-182 6
472 9
-739 -576
-572 105
638 -29
966 171
591 534
531 -758
342 -670
738 949
-293 182
425 -729
-521 -791
654 -652
-97 -910
696 -604
892 172
402 696
-686 -656
329 -489
-908 626
765 -664
602 453
-428 473
-459 -849
565 352
338 923
791 -318
-796 844
-322 -458
-111 -339
385 155
635 -62
670 729
812 -468
-128 -109
-690 -591
-625 361
-789 -438
433 225
81 18
621 404
-648 -132
694 -169
644 257
207 380
904 753
-636 -35
638 -520
764 -11
-376 -208
-802 426
-191 -714
308 947
229 -22
73 -600
460 331
-1 855
36 -682
-198 -430
-743 249
-361 421
241 -82
