-262 108
953 -300
513 518
-243 712
-259 463
708 -790
331 277
-32 -338
-335 501
-725 944
-535 777
-631 555
623 -642
-601 -855
-244 23
-777 -71
-132 -154
386 664
359 -714
-979 289
-838 113
-794 8
-220 -922
-645 -375
-258 915
660 -192
409 680
-907 -180
-504 -323
-300 -878
755 -661
-410 -58
740 211
908 245
564 711
-851 -885
-746 -402
-588 -679
283 -745
-602 -158
897 -198
-910 -196
748 -385
-139 -508
299 -755
449 -526
-536 -535
-176 712
205 96
325 -377
145 183
284 551
906 70
-419 -425
-887 219
429 955
-370 820
-59 69
774 -955
990 -630
-236 683
778 -533
-152 -407
-640 -929
-257 -95
114 -405
863 716
827 946
783 -248
-630 -531
133 417
782 -367
-645 943
-990 -876
615 -716
805 -912
171 71
733 962
-672 -53
-913 -915
-830 -181
-59 480
826 775
-921 -128
-788 -680
265 -19
331 586
126 820
668 571
-620 -395
997 -736
-592 -610
530 56
817 47
-906 -702
177 -989
520 30
879 547
743 616
-275 226
-175 639
-480 164
357 -57
212 -903
187 697
19 582
742 -992
-863 158
204 732
-34 -786
-408 462
445 -579
880 -303
147 -278
691 -76
-705 930
567 67
-652 247
-726 -452
458 -999
-704 -930
363 911
-738 25
-17 -198
-536 -799
388 -911
-852 -974
-552 -953
319 -469
-998 291
166 -979
-621 -298
-957 921
-158 560
-509 163
433 90
-97 859
-804 263
700 333
724 674
305 4
773 -869
-859 879
-537 -635
240 335
921 453
242 150
-443 -842
-404 935
200 -28
-557 -767
452 648
282 492
-56 -64
152 -104
-405 340
238 -273
551 579
-887 350
-623 38
-856 41
-997 725
940 -767
648 344
787 785
-952 676
229 793
-994 300
16 653
-510 -497
-860 806
380 -8
-122 -18
120 724
361 -772
325 168
516 -898
501 -303
-327 245
373 -499
447 -918
230 332
218 710
-299 -531
-847 -993
-599 4
-339 -212
915 90
-7 93
731 694
-812 -205
51 -334
-896 578
872 290
703 -568
-23 -956
-370 698
309 689
456 -985
859 949
-900 56
728 -960
728 246
-28 550
-544 529
-621 -171
688 751
-670 66
652 415
771 926
-381 -384
-815 977
293 -514
-870 766
707 -882
529 -211
-756 -295
982 78
-668 -827
-123 -708
341 892
795 -935
515 -678
-33 -687
-296 -891
866 -203
-784 412
886 919
99 -9
-148 -941
90 823
-255 -118
-255 -70
275 733
91 -90
-893 659
-287 72
736 -815
-198 845
551 -377
237 -758
-315 30
887 -720
213 24
26 -499
612 915
912 -747
-561 725
706 0
-510 -935
-818 493
-517 538
283 956
961 569
-162 94
780 74
-132 -423
699 756
-241 151
168 -833
-71 649
809 397
152 35
402 644
962 -58
269 553
-65 -869
394 994
-72 480
-328 297
-518 -250
-460 431
494 614
497 -868
-723 -732
180 -223
845 -57
407 273
-426 -25
899 323
861 -739
-395 -601
-465 758
-212 236
-222 40
-539 -172
-502 -785
-527 212
124 567
-914 354
-303 228
129 -174
-779 -509
-487 -233
22 433
159 694
-60 946
316 6
-936 -331
-7 -736
