-127 -129
278 584
-821 -773
-637 884
357 959
549 -208
935 491
-478 -203
-829 770
-578 -526
728 -770
-250 -929
810 731
508 -699
215 814
-550 -592
-864 844
-755 852
-884 801
-625 -869
652 -178
-355 -582
-882 84
667 246
450 -998
-540 -506
-743 906
234 -315
9 -824
257 383
-451 -151
420 41
609 943
-445 563
929 894
-584 4
-650 -417
444 835
-871 280
-870 -376
-547 437
900 -26
-911 -865
294 -115
-694 -538
-838 -241
411 74
655 -998
458 271
817 -47
-662 140
624 -984
34 -691
-868 -813
641 -412
141 -563
852 -612
949 -803
-944 551
-816 -153
-751 -978
222 -325
472 -740
-647 -765
-696 711
651 -314
-199 -173
-837 -50
-168 -976
-668 558
777 889
-212 518
-868 638
-264 -485
415 817
-355 -587
320 -257
242 678
664 765
-885 939
-974 342
-652 -116
-209 516
-437 -216
-508 316
-350 464
-387 415
-287 574
647 396
859 -85
483 295
-809 -68
-341 478
-772 656
781 -866
805 -449
238 646
-271 640
580 -875
413 215
363 -253
445 -598
-164 -648
-118 495
-196 -251
926 540
405 528
-814 976
-139 694
-600 213
-467 -652
569 505
-892 640
-132 -885
572 -441
232 773
260 -71
-763 -669
-382 -897
445 216
-618 71
-553 501
-594 -525
54 -79
-203 -593
-483 -565
881 356
286 484
-565 68
-601 -503
-651 289
-142 835
99 -597
546 -615
-781 -855
-350 350
-858 264
92 -587
-591 -512
-728 -514
-401 133
698 -92
326 -784
420 725
349 39
352 -650
-943 531
593 -922
661 186
740 -913
91 -743
-81 453
-637 -87
612 6
-559 -385
-611 -59
-150 18
268 655
429 -377
-624 113
-757 -35
-842 893
-821 645
631 477
941 387
-970 865
-101 -676
456 498
881 401
-165 609
-325 -641
345 -863
690 -56
-488 554
-828 -844
-205 243
-565 98
-780 -768
-671 731
612 -589
-818 -388
655 -95
849 465
-364 -255
-104 437
895 12
-496 -720
-927 390
-480 691
902 -410
86 639
210 469
-643 -61
-105 469
-919 -630
-509 679
812 202
685 -282
185 989
-26 462
-50 -357
-76 553
-222 157
559 -983
682 825
-706 842
-95 -473
70 -235
-702 994
33 505
-562 997
-829 838
843 114
498 653
2 -916
514 239
-737 487
-271 355
-770 -548
-968 -55
-534 43
541 692
-945 -689
943 -777
-3 -479
974 842
-810 -892
583 -840
-782 412
602 122
868 -161
-487 735
604 -328
-232 -984
785 -870
-336 700
360 791
410 -190
-534 300
594 221
-174 -466
35 -339
931 64
-178 -973
-358 929
233 -104
333 -999
85 -192
-509 -13
-28 917
571 -562
453 871
3 866
-191 -397
178 -836
-369 -814
-384 457
591 -804
-444 -261
748 -286
641 896
473 786
-939 100
-635 -580
-510 461
-965 758
942 -443
123 -219
-908 -174
-873 -652
-495 -919
396 939
621 749
-95 891
-546 -915
-611 -655
-748 759
-213 -716
816 257
254 63
-548 -331
-915 774
650 -248
-29 784
-351 -417
-572 916
705 555
462 619
329 303
195 992
-965 -751
291 -343
277 154
249 -976
303 -436
260 -67
-14 -962
571 12
-67 -283
776 -212
