741 -594
267 -510
787 -210
860 949
-454 -167
772 262
894 -681
-318 -902
-834 -727
838 620
510 -140
908 -927
-304 -722
756 66
988 -229
-967 753
78 630
315 -766
-451 289
679 965
545 190
84 1
-471 299
-561 320
715 -261
525 774
-570 -858
-812 -653
-541 -196
788 -378
274 -519
812 -998
-161 -141
807 549
225 580
592 -742
761 284
135 -678
-976 34
-658 391
999 -338
-824 46
155 626
-229 -36
-519 -362
-128 275
149 770
164 -561
794 661
226 574
-33 -656
259 828
-164 -890
-692 198
188 -907
-656 230
-696 334
-728 -762
-912 129
485 140
743 -754
-345 -241
821 -447
-545 74
-178 764
-999 -8
-464 263
-516 -472
969 -880
609 -879
-264 -500
712 -335
17 -88
780 -532
-46 307
-443 -517
612 -966
451 -337
-52 -821
269 753
677 667
-9 638
-496 -895
971 -124
213 -89
-378 406
1 131
192 164
67 -96
-708 613
-383 -811
-906 -422
-950 -199
502 243
-941 -434
544 589
-820 -291
863 -707
-36 882
524 85
254 -417
442 -220
359 213
-112 -507
975 704
-719 -733
770 607
391 39
33 -677
-950 -509
500 -200
774 35
376 -900
-508 181
208 -557
-421 -687
-760 792
429 528
993 522
-516 251
262 -665
7 -381
410 -444
131 -850
23 -882
286 -978
921 232
-607 622
533 777
774 -353
948 -527
-259 5
-325 142
18 957
-920 324
-558 -149
-386 -667
235 -293
189 -321
667 360
-407 302
86 733
-628 7
899 837
-60 -191
570 -882
635 -247
-676 67
534 -354
-151 478
254 -500
634 -136
868 510
445 -90
-295 114
-272 915
723 263
-910 -489
877 515
389 209
424 -610
51 984
-172 162
-981 -766
325 823
131 -903
-966 -3
-243 78
885 -874
15 537
15 -683
-369 146
-992 -25
-95 484
-423 651
-500 704
-680 -376
-293 -860
673 -966
-105 952
-222 -775
563 624
-703 775
-364 941
16 900
546 719
-352 -691
-42 -785
423 60
-533 403
-685 -62
316 -986
-181 -184
242 220
354 -199
349 -727
-39 433
102 -959
943 -889
-461 -783
452 -682
11 -767
314 700
860 105
346 876
-539 653
884 -47
691 -161
66 -843
911 -758
431 -98
166 -912
113 -431
616 -154
-138 -460
-411 733
-951 363
946 -821
-682 -298
500 202
279 -131
331 171
-923 -542
532 -953
-656 -497
498 598
310 -39
-144 437
-42 -757
166 -862
316 -760
786 870
912 557
-889 -572
558 -205
-492 826
-922 371
880 -604
-974 -436
662 -171
-235 137
-210 -334
375 773
-917 40
-221 -578
-557 692
-921 971
333 839
767 50
228 716
-691 412
232 -226
-415 677
-506 -609
658 763
-777 -307
106 9
-244 142
782 -909
479 -102
-173 -839
637 845
-341 -2
585 -152
-363 694
-158 -495
328 898
-407 -770
-435 -134
524 788
547 120
-892 398
-276 72
-102 646
-247 -704
811 -843
735 -214
-379 360
-99 -161
308 707
918 -430
205 459
-174 102
356 -163
413 548
-760 265
-613 940
-304 91
411 730
-730 34
-810 710
386 987
-297 918
151 726
935 -162
-269 -957
901 -861
501 -338
99 -835
976 -244
