722 -847
-128 -36
-875 -303
123 846
628 970
113 686
-218 -171
948 151
-929 -861
-229 917
196 -288
890 223
270 -965
128 865
-811 -582
199 491
664 909
-940 107
618 -650
257 -703
32 -111
-702 908
717 -752
304 -101
695 247
485 -287
-144 -805
711 398
-687 -28
359 718
-5 768
-150 -552
-225 987
777 536
117 -468
-254 -482
596 -829
611 -125
-237 859
807 924
-797 536
-172 826
-107 -219
479 -856
17 -191
431 26
-397 947
892 179
-936 -982
341 -709
-558 305
712 286
-285 717
198 90
532 -576
64 -732
-522 -476
-692 675
740 652
-920 880
-684 -427
-746 -732
-605 -216
542 -36
-445 -739
146 693
29 686
741 2
600 962
-172 -499
553 -133
567 132
-971 739
111 -436
-596 660
-877 -367
-421 592
573 -581
-651 17
-238 979
-285 -217
407 139
-789 153
-146 173
718 604
-947 906
463 -778
-513 -811
-369 -824
-520 896
-455 -316
-844 196
-13 -321
-943 588
324 -116
-590 239
687 -110
112 -27
203 -383
-315 43
147 371
690 -886
439 -210
82 734
328 750
114 -646
99 -409
-518 525
164 -619
8 530
13 584
-910 -759
126 -33
808 -161
-111 -470
531 -504
-651 -613
900 -745
-190 679
479 689
-303 791
-394 750
-261 453
-468 -164
-274 -643
904 -489
-19 791
-500 -273
-298 -789
859 -412
-956 607
-619 636
-839 -851
-777 -216
-332 996
167 674
308 967
-299 -113
-221 -541
246 960
-809 17
277 -653
426 104
748 -492
135 -27
33 998
756 929
544 770
441 600
649 -877
-529 190
-773 -249
764 659
-764 283
-204 813
-841 -711
-973 -457
-743 33
-213 -617
-264 191
50 242
188 -65
683 -362
105 993
-449 395
-802 298
278 908
-88 -772
144 -39
660 -763
-658 745
952 622
54 -5
783 -187
933 -252
83 -649
208 -855
-66 -66
751 371
486 716
53 -530
931 303
-212 -523
-798 -849
588 652
-388 598
-849 -960
-795 762
439 -510
-667 -397
-541 34
511 501
-407 -345
535 -668
-563 -405
825 490
536 -81
-975 146
407 656
412 700
611 -943
561 -385
123 918
-785 -218
813 569
-313 -861
-774 510
-284 -501
-85 -46
-644 934
-248 -643
286 -659
-100 607
-30 760
892 -301
228 -903
-725 -838
-566 -133
-475 86
-44 -980
508 584
-813 -699
269 -577
555 921
-735 100
-113 -259
-740 -137
-747 -431
-617 680
638 -368
-20 586
-786 671
-57 392
903 956
-844 -611
-319 493
-41 923
-781 614
898 -89
433 718
406 -292
-959 -51
906 -278
817 -869
254 43
501 380
984 -932
-939 -293
842 -304
518 -815
-495 966
-824 459
417 -614
-221 965
699 -38
960 -81
44 -640
30 -747
727 666
-322 -345
65 186
932 84
659 -952
893 4
265 347
116 -615
-843 -710
677 185
-788 618
319 -264
-644 -58
163 -723
-709 948
680 -770
363 -107
-140 -661
735 -266
-665 -996
693 486
31 894
750 -480
252 947
899 1
-463 -122
-513 -83
-484 732
-170 306
-444 902
630 382
-833 976
151 411
-788 493
172 870
944 80
520 997
-924 -338
-856 -906
286 -150
482 440
111 -343
