646 -683
948 -450
-784 -949
334 -16
167 11
-272 -851
69 -712
901 -48
-328 -748
92 -277
-766 538
-237 844
-635 125
935 170
-998 -316
145 -736
180 710
126 -678
-289 -38
384 -108
67 594
331 -295
895 -227
343 -365
-132 176
480 526
629 -37
111 -440
915 -436
-672 687
-925 -105
-967 -649
-742 362
-370 660
146 364
614 288
-796 -463
-178 -9
-355 -907
965 -704
-369 -762
684 -291
-585 481
-52 -452
-606 657
-261 -669
-551 -562
790 500
21 774
284 -761
827 -218
433 751
507 995
452 -771
839 -938
-104 -834
-227 215
41 527
-393 459
-82 482
176 -455
872 -828
-633 563
-641 927
413 204
-257 -792
-603 -302
318 438
327 -816
637 -799
-240 -442
-983 895
-331 -766
617 7
943 2
250 -492
-672 707
-936 390
-843 -393
759 447
329 758
-362 463
-701 -346
443 -57
673 -292
-128 579
304 -437
63 -108
573 -422
-649 96
-476 240
-92 379
-257 -425
-165 -642
591 102
-605 815
-480 -824
875 -648
-821 -750
156 746
-57 102
-150 -610
981 386
-312 -825
-626 -600
-568 -937
-415 439
-241 863
99 -216
-877 -607
-363 678
316 612
353 -63
-488 -711
-152 687
-831 -745
130 -727
-983 -619
74 660
-482 -848
-359 589
367 459
-651 -642
37 592
-345 241
-48 -167
112 302
-716 300
-333 -176
-591 -653
890 -347
23 485
603 249
-361 -230
898 -628
-503 -653
213 -572
-483 787
670 -49
461 70
-117 282
-425 571
886 -48
-342 -62
-375 741
939 754
884 706
-208 -116
-265 -222
-563 722
-296 -760
-981 355
784 -835
-34 757
-605 -81
-280 775
-12 -334
-228 -935
-924 -1000
835 979
437 -82
279 -254
-641 -680
477 369
11 -791
672 428
-94 314
843 -309
284 -178
69 837
438 -898
-744 -747
-697 45
31 -964
699 -422
-902 -597
849 300
-415 758
-220 -138
258 -820
467 -306
-671 -712
-614 369
-681 375
-622 32
-447 555
663 776
-44 468
672 771
314 385
934 217
269 69
317 144
572 -918
-741 394
581 -861
-397 -484
273 422
136 -212
-58 407
291 -285
734 -557
296 -544
-675 894
114 -667
304 -989
395 334
-732 780
275 751
326 -249
-508 -817
451 -145
579 -934
-517 -764
-533 207
-339 506
-666 -244
234 759
669 -959
-485 -38
984 -808
703 876
489 799
658 -811
792 56
-92 143
-364 -850
-653 390
-379 824
144 527
-97 -417
-228 -717
-905 959
993 84
-674 868
706 974
917 875
174 -537
-779 934
170 701
-631 -10
313 195
150 -180
-51 -681
252 605
-351 -605
332 -232
-438 657
-212 -311
564 1
-190 925
635 983
-949 -608
-394 -565
901 -688
-448 348
-628 -877
735 979
-831 688
-987 -822
-162 -299
-888 -181
-968 -471
569 -72
543 865
-54 -703
768 258
249 283
-225 649
-906 536
-925 -281
550 -485
105 332
158 -161
85 -419
49 340
-411 -633
-724 945
-879 130
-737 -913
-421 -355
-350 -714
388 -831
654 -496
342 -934
495 -771
-13 -531
-597 -594
-924 596
899 331
423 56
624 796
-526 -180
-856 977
428 -334
-107 -758
-402 201
775 -139
262 97
-960 476
