291 721
980 594
299 494
-566 493
802 -418
140 -358
-125 521
781 -170
758 685
-432 283
411 -892
-254 -359
-127 159
280 952
-796 -72
-465 447
-300 -723
182 -677
-692 662
633 -935
-834 -557
18 -483
725 -159
-456 -177
-793 460
533 739
-845 -249
-40 -966
273 -808
-621 -128
867 -324
-306 15
487 -882
-835 353
-557 268
-40 878
-761 -239
163 604
-996 -661
-86 972
-114 -108
898 870
-383 -816
-42 -796
-857 733
36 -761
866 -377
354 141
-876 -427
44 845
-649 -844
65 449
600 202
71 -802
-434 702
569 -318
523 -145
-56 377
-1 -256
-836 -776
-786 -922
511 878
459 178
-96 922
735 -845
592 -253
289 -35
872 268
878 390
658 823
780 124
-153 -311
727 358
-283 774
-999 825
1 531
362 -183
940 900
-810 -9
47 -793
633 624
-575 -381
-648 -398
273 -297
87 605
115 290
938 868
325 610
556 815
-464 -866
-24 -765
-628 -8
-519 100
603 -260
-633 -204
784 -797
-658 -728
-617 -282
854 -835
619 -813
67 809
-453 -609
760 -243
12 523
-757 -319
236 342
446 -657
783 -816
-85 861
-772 533
-267 -793
-580 117
286 -949
-898 124
-878 -252
320 -375
-457 381
-632 335
261 -899
630 -40
-301 -284
-676 646
-595 -774
436 736
-308 825
66 405
818 -769
541 -331
-420 355
-735 -589
-985 -966
69 487
-263 18
996 195
55 -571
319 -537
-757 672
513 -636
-770 491
-402 -989
-203 72
-824 999
-747 53
-450 224
71 -409
641 -174
974 24
55 672
732 484
438 -649
-503 383
491 -948
396 734
594 -11
482 -618
-633 -753
950 -873
-610 -787
-938 330
-210 273
630 -528
-237 442
150 990
549 909
-273 575
486 874
684 -521
-238 -606
-233 -986
-744 -404
22 -917
710 -214
-646 -686
325 -921
-890 73
821 499
882 -962
202 -121
345 -227
464 -122
-708 293
409 -655
318 92
709 -589
818 -719
735 -898
-794 -310
171 379
775 -835
379 -749
523 -704
-802 -837
516 -932
-440 668
-106 -656
-805 284
-759 -316
427 -805
501 206
597 448
737 327
-385 628
-852 -560
-389 59
261 -795
-682 937
467 668
-809 838
522 457
-322 -206
925 -798
-912 712
-91 -954
-486 812
922 -68
-375 517
-290 -628
39 -304
211 -684
-419 164
588 998
364 -340
-406 -207
-622 979
181 284
87 -74
965 -540
-964 -559
-86 -188
898 -184
945 6
-775 -302
-374 237
489 639
-590 -711
58 106
398 -199
903 -968
258 -722
702 -833
256 -934
-431 -520
157 532
-825 -673
-596 -547
317 -424
900 -333
375 826
-100 -53
-124 700
-434 -54
-660 763
-378 151
-741 621
-400 -727
-140 998
10 868
922 -914
-937 -247
956 -477
370 732
-356 991
-993 -726
-430 -98
673 -866
-210 683
-293 -40
575 732
-228 -50
515 -595
-616 834
-702 -723
28 -97
-981 -19
-463 -254
242 -227
-95 -933
-213 390
-822 -886
-649 460
-165 -920
364 799
-260 -716
-945 -195
537 -472
-977 -468
-31 127
791 -556
-354 829
-518 687
-645 163
554 -672
-946 944
-244 -382
-373 -782
-334 -100
277 -862
-422 -81
-559 188
486 243
