-769 513
697 887
851 735
-162 574
-539 -339
-26 852
-468 -23
954 -312
-225 973
-907 -190
-998 789
506 731
-139 -121
-618 -460
649 -566
937 -687
-320 564
582 -468
-827 -448
6 -160
-227 -418
-485 359
-807 -206
-444 -202
75 835
235 403
492 -458
-394 -789
-509 288
682 -464
-418 802
845 434
146 381
-451 710
132 453
487 -485
413 -887
-492 540
654 610
492 130
475 -365
719 -743
366 -509
572 881
-400 43
474 -10
-508 866
541 702
-696 -751
21 555
56 216
278 -63
-255 -576
743 944
808 192
906 321
-403 -578
12 154
-722 -272
-671 177
-157 -833
392 -470
-249 364
981 628
-600 118
972 -221
-556 370
-447 -211
95 309
-259 -562
35 218
881 -711
-179 -724
-157 -68
-573 -203
-438 64
-525 -266
-873 -757
-566 -411
831 506
-771 577
110 969
479 322
202 -70
-946 182
-511 292
209 399
888 -670
-799 282
372 926
-946 585
-977 -987
924 337
-476 -433
2 172
172 -2
-867 361
-148 -355
930 924
682 -132
-831 -990
-851 811
424 -627
238 -242
-215 -694
-435 -902
253 705
-788 239
-839 -427
794 162
-41 521
885 705
-821 330
-350 -651
542 479
289 -729
665 -920
-76 561
-529 -587
-750 926
-960 601
-624 531
780 153
942 286
-413 -694
-570 -953
-622 -568
704 -973
117 869
678 -408
-183 985
896 -612
-56 80
-889 -56
466 969
-232 28
-454 -459
-121 783
553 61
-147 -814
-487 398
37 -794
562 516
-508 512
990 -857
-940 613
-586 -784
-686 -631
-140 830
-740 -813
869 35
861 -244
-936 463
885 -371
949 -90
337 267
-748 164
-773 592
37 -647
-494 392
373 350
115 -991
-869 123
259 339
-104 -390
-388 -154
743 729
31 320
-311 -139
-131 -769
-729 192
84 64
841 62
-74 -285
412 -114
-337 -329
-687 529
-583 -946
622 -519
918 326
214 -684
-773 -640
-541 253
-399 182
783 683
-112 952
653 -432
647 -69
-872 -273
656 -416
-915 -182
787 414
-451 -73
632 -942
434 534
334 -384
711 875
-382 813
-684 -502
-62 -753
-886 15
-282 561
146 -652
591 18
181 461
-447 798
-232 682
-136 853
-368 968
31 223
-221 -951
863 -197
-227 256
-789 914
-958 -651
325 938
777 838
698 -388
-335 -207
-295 -498
173 -553
-806 203
-505 -451
-669 -360
-875 272
-78 -41
-899 -421
721 453
-29 422
306 -266
-346 -998
-696 245
872 769
459 77
89 -90
-96 498
325 752
-814 179
646 691
-592 -762
850 987
773 809
651 281
136 -677
657 455
-968 -257
992 102
-678 68
697 -472
57 -974
-103 436
-365 157
-292 -550
489 320
147 677
-823 627
-679 662
-736 760
-449 -30
888 -213
20 -683
476 -801
-290 982
819 203
-90 684
235 433
-119 341
-7 -588
889 -806
-327 825
-945 -484
210 673
535 327
897 -798
-319 -142
-615 -384
-316 -693
201 -941
521 690
-741 -698
-609 579
-96 391
-995 66
-14 952
124 -719
-372 -314
938 -515
408 -1000
-806 134
-353 -433
-865 -914
-466 402
125 349
856 -70
926 742
-73 689
200 758
957 -527
236 -224
532 930
