907 881
-696 307
-542 -932
-617 10
911 -408
-871 -488
999 -34
798 764
536 65
414 -478
-320 -34
-315 -670
-324 -302
-265 -547
-751 -550
542 -682
-901 -659
177 105
710 -538
-291 91
-200 -654
-698 -106
909 888
762 298
199 426
389 -484
711 -657
-141 524
-56 -658
543 995
80 697
-404 452
102 846
41 293
179 928
-469 790
766 4
-325 528
-599 546
-607 868
677 -297
-176 137
-134 -222
492 514
538 -98
-93 192
-679 -728
328 49
-535 -88
757 -347
910 -200
811 -853
796 624
834 -344
536 339
520 -604
-714 933
662 171
935 232
122 225
507 -403
347 526
-801 677
554 -499
-115 -449
-335 866
814 -348
150 -674
68 793
564 356
-758 64
27 -961
-738 -479
68 579
-995 -945
842 -717
306 -81
-860 -444
475 -286
343 -121
-260 709
279 106
-226 524
973 -422
110 -451
-699 -884
638 -922
-18 522
338 913
-133 536
564 627
963 87
-406 286
921 -990
-865 -978
326 450
-188 414
-432 6
533 427
-116 -670
-908 -202
-242 658
-403 -604
357 626
790 -980
117 -205
-44 -464
-287 543
541 -706
-972 -799
-676 -297
18 879
999 773
-676 -881
722 -224
487 146
-741 760
-27 -475
-547 -333
480 -601
842 -393
-286 -855
-952 -726
-437 490
319 677
514 900
859 -180
-666 871
-681 531
-36 -227
-9 -93
40 93
-283 900
-843 -250
151 202
581 -273
-28 426
821 -987
-606 415
482 -605
-828 355
542 -750
898 923
964 -270
-411 718
-527 -123
-265 819
-127 -700
369 -97
-414 421
621 -748
419 -172
884 -381
179 -589
96 597
-652 -232
-653 -586
498 -413
-838 492
804 -805
-134 117
-721 386
170 -200
340 -607
-664 -331
-968 -118
-356 203
580 738
-519 11
-137 -671
-799 -62
807 -42
334 296
-577 621
-260 966
226 521
-710 466
372 -400
-777 -364
252 -833
-334 715
-471 -997
-351 -594
8 347
80 -110
3 -900
588 627
780 847
281 564
-596 102
-14 -496
770 999
676 -816
-933 -205
472 -840
-525 530
622 0
485 -462
-970 -299
782 518
-448 888
-726 -826
62 -141
861 -948
-165 -201
-515 -364
27 -258
-306 -938
345 643
490 -594
486 399
-749 -684
961 -947
-412 384
-922 -889
-66 -230
-840 -352
-581 -994
-760 -699
460 -429
496 803
-377 487
455 177
855 299
904 -35
-754 -348
834 9
301 322
-605 802
29 554
547 272
-859 -841
-460 656
-985 601
-561 -318
-471 603
-477 672
419 423
-843 -160
191 733
354 -204
-319 687
-915 -278
-608 3
-779 422
860 -2
-464 -187
-819 -660
-52 -513
-138 -133
177 -796
-84 591
435 -507
668 -861
215 -119
562 110
-942 757
823 464
-878 636
587 998
-485 -14
900 -407
-598 853
176 932
-439 -298
500 -154
343 174
-489 -319
468 330
-147 187
-677 -694
-712 -202
-424 463
-513 665
-770 -795
254 -434
597 -190
-350 -818
882 885
-554 -704
-347 -158
-870 -301
-951 638
-891 -595
204 477
-599 -186
801 29
920 -260
-165 -78
-885 130
639 -331
-811 955
-663 -877
866 -501
34 965
-763 975
254 -68
-874 -810
546 -805
329 561
