-2 -242
221 -453
1 691
-70 70
-404 367
387 -937
-417 -322
575 -712
477 -235
-760 830
324 816
898 -786
-888 925
-872 -537
280 211
732 -31
406 919
-813 31
192 641
-720 599
-283 890
-319 -773
157 -61
895 -459
-175 631
-293 -859
-83 868
720 22
-26 -57
-237 -342
531 -672
503 -710
-257 -539
925 845
34 911
285 -459
-242 774
859 664
141 14
77 -500
752 924
-605 -754
403 -733
858 401
971 -490
-987 529
-194 370
631 -342
443 175
-343 -988
-512 -509
-524 399
-547 -447
591 813
531 -958
-240 -762
-267 427
907 627
745 -843
-41 629
704 -724
41 1
607 326
176 -442
-279 -191
-206 150
823 577
-827 776
908 748
-901 -35
-992 774
956 -124
26 530
906 290
-954 -659
358 358
-130 -145
439 -891
430 441
-695 -676
-661 517
915 -788
-849 -502
-399 375
-865 -102
314 436
-181 -256
344 -831
611 417
-125 -893
-755 851
-704 922
-213 -238
876 -571
-307 297
157 -13
422 732
-764 -597
901 -373
826 777
-624 -618
-553 7
987 945
297 342
-636 -816
-947 -260
525 887
113 -229
-570 -77
-199 462
327 86
441 -56
178 -849
-998 -833
407 717
842 -456
683 -291
883 -41
396 456
-904 -517
431 201
-829 683
276 217
-719 -959
-823 -92
-615 398
540 173
-786 -385
-754 -86
-230 749
-283 376
424 -753
433 -323
-191 205
-628 -450
-151 -596
-713 -450
674 667
-562 -221
222 695
923 -134
-768 404
30 -95
775 518
-215 153
46 593
442 320
-585 110
888 17
362 -440
-83 -243
809 5
-474 -623
-206 492
656 -286
439 552
541 -362
914 -857
-912 567
-684 659
788 -296
694 937
-568 506
119 374
-275 237
33 -35
-47 570
691 726
357 -355
-291 -390
1 -997
-65 270
-296 -595
-453 338
579 -978
135 -835
-944 651
-960 -31
-666 -894
-507 159
-675 -773
-647 -66
811 -204
74 -490
-887 563
127 -235
-366 487
874 833
-937 -283
-533 843
-417 915
-267 125
-497 624
295 830
982 533
-311 400
513 -536
-312 445
-5 -909
829 882
928 -689
-515 362
-688 -639
-951 -469
-384 652
-391 379
-847 818
946 -853
-994 -17
322 566
155 932
832 689
643 0
-57 -945
494 -232
-708 -78
520 804
476 -270
-727 -503
-754 -33
963 225
947 -343
767 104
855 -796
-338 -194
-338 212
953 297
81 992
-818 -587
210 389
646 -65
-872 97
917 24
-558 -376
250 -597
764 -715
-425 -425
263 140
106 474
584 -291
975 -670
248 -413
949 -137
537 30
433 149
-906 317
267 -287
856 -878
-533 710
-66 974
832 634
-437 212
-958 127
899 -794
-477 -78
-699 -531
-254 695
61 419
503 92
-980 -644
-185 -5
839 -396
-210 725
646 832
-711 642
-248 765
133 950
-551 -757
399 944
-450 734
409 896
94 -706
-457 -496
316 -788
-722 -684
376 -254
274 -520
374 -943
709 979
-901 -871
-307 531
246 957
-89 227
-806 -851
-929 970
-960 -312
-405 -590
411 495
-898 -371
-598 302
-94 -559
948 623
-521 -590
-268 188
176 -838
-86 -318
322 -234
-223 -323
447 25
-738 730
