-475 977
846 89
-989 -904
-417 783
916 -350
-762 -393
-899 7
115 -939
441 -87
352 486
856 -593
580 -817
-527 -314
970 776
-204 -150
-541 -175
-932 616
-456 258
766 -515
-838 362
665 -997
691 910
-878 420
-255 -158
-439 -701
-446 840
-781 -973
-348 566
258 306
-491 924
-126 695
-755 140
82 506
-671 -55
-391 -894
817 4
-370 149
960 -415
-650 782
367 -442
-594 292
-58 627
299 -107
-846 -396
-202 -949
999 604
538 781
550 721
104 961
-459 -740
-333 741
-579 -120
-734 -633
-530 -682
22 739
19 -255
-518 449
-171 -107
-338 -289
825 -55
-461 -369
-871 683
132 730
-97 982
127 144
524 38
-791 -821
-14 407
299 95
600 556
725 526
-412 349
-877 688
250 959
-366 270
-5 839
495 257
535 -149
666 526
-503 534
-453 -414
140 305
875 -62
-329 -857
733 -545
-532 -563
491 -512
223 -382
827 500
808 402
262 364
134 109
788 -360
-239 -634
-593 -610
-856 -441
-978 -318
732 837
562 616
267 -703
-133 -743
-151 -878
563 419
-369 717
730 -384
-1 275
465 -79
863 91
136 -564
181 129
932 -888
-714 510
425 -176
56 955
-155 569
-510 393
-265 -519
753 806
991 432
630 64
-984 -212
-572 -184
-8 -254
-207 -435
-365 -718
475 -86
-485 -167
-749 -117
941 630
723 -202
-860 -225
-290 -288
-818 -399
620 -845
-546 499
851 -441
-869 605
303 -458
809 686
-742 575
-880 -597
-182 592
991 -233
-889 -761
-972 -943
-599 -342
-114 373
641 76
691 -627
833 -70
420 -774
-553 954
-638 170
-787 360
540 426
-428 -684
39 -159
-65 -620
582 269
742 720
499 -109
284 230
-528 -695
-353 505
-266 -153
200 -596
301 -630
-343 394
-272 -314
579 817
-854 102
-368 -324
269 237
-236 534
246 -943
264 -138
-577 -81
978 511
-85 652
634 337
-197 -540
-567 303
59 464
-666 111
-410 638
-143 404
-916 747
-978 -790
425 -595
-559 -672
-663 969
-456 -273
-96 697
-441 -552
-166 -316
37 -297
581 397
206 -212
-936 678
-736 -8
401 -533
965 967
435 -26
-609 516
410 25
389 756
125 658
-945 774
755 -3
703 536
-174 -613
48 -878
-116 -697
416 378
685 -988
970 602
459 72
8 130
-252 -810
-743 -44
457 689
267 -341
-314 -474
947 -84
146 -220
813 -113
424 -672
-437 430
977 357
399 -438
114 -636
-887 -188
124 -819
-69 240
-78 810
-127 211
-286 993
466 -937
738 -773
148 -43
-944 135
-389 -491
-295 619
-483 -529
-313 763
437 -517
131 -160
-961 -916
-242 908
-27 585
-514 685
523 255
895 -410
-975 945
-462 223
269 114
334 858
-89 875
762 118
164 -368
-73 -228
634 -691
-152 340
-706 -695
-828 -400
764 454
38 43
106 777
987 -550
-77 -756
-217 189
546 885
-438 -735
50 843
901 929
-565 -514
-364 105
-376 -546
827 628
463 -508
-587 667
-718 72
131 966
-589 131
214 -229
-432 684
146 728
-618 818
-917 -150
-951 -173
578 -720
-666 883
-862 57
-907 -217
-656 264
958 -631
195 803
-510 972
-834 -348
613 -77
