-424 186
-799 -3
210 -783
-260 -336
-416 395
-142 -337
-318 -951
226 552
877 -54
-750 -979
-213 529
-311 927
505 660
243 -788
-846 -742
195 597
579 -219
674 -661
-370 -218
-441 -939
-929 -710
-409 -712
112 -930
27 -936
774 -326
329 858
426 496
-797 994
110 -266
111 726
-279 -750
-403 637
900 327
-255 -921
-967 -98
-769 -969
-495 249
267 962
-806 -347
274 -566
-730 -922
282 -384
-281 365
-973 -426
599 -647
443 -372
278 -238
101 381
958 -927
395 -385
-64 -777
114 252
-11 -819
-881 948
-416 -142
-919 460
-182 -199
-254 -982
-855 -651
643 816
522 771
929 946
-128 -748
-934 848
-383 953
74 519
-827 -935
-942 269
-819 799
-564 282
292 -260
95 -347
396 289
517 -976
-228 -442
778 -910
-22 -563
-112 338
-869 939
-506 -187
-928 149
-224 -210
-613 -701
719 -53
-568 611
170 741
69 43
756 -252
141 673
597 321
-17 -175
-194 -746
771 -372
529 -330
-731 679
-367 -213
-109 -598
-381 -771
530 853
153 -495
262 -127
157 916
-332 -569
221 217
-263 656
94 -436
-871 -626
-494 -470
340 -37
224 583
389 383
196 -991
517 916
928 924
-541 855
239 173
-89 -954
-930 -988
928 -36
-930 -504
966 -106
-81 922
-713 -456
-366 599
528 15
640 -527
835 948
408 100
871 782
-596 980
991 394
-723 452
636 448
151 888
163 -52
182 -229
-586 -178
-65 625
-512 986
906 -873
67 -55
-104 390
-39 -258
200 -213
345 448
350 -780
-557 -559
-477 221
954 510
981 562
654 190
662 -788
319 871
-38 -287
-127 974
-250 -573
385 -67
412 -918
-471 653
-369 430
918 121
707 700
-570 -381
163 -72
-130 -405
274 652
805 341
328 834
917 659
-674 -486
-412 982
871 -649
-511 -618
434 -439
-730 733
169 -861
798 -355
-376 610
-583 14
479 -105
288 29
-398 234
952 410
-720 990
672 466
-330 909
-970 484
505 566
-286 -278
445 -818
-396 -566
929 -793
-997 674
937 381
164 -947
-639 -880
709 687
-406 158
-943 -986
735 -925
-913 384
-35 499
-565 857
532 -126
696 849
642 -977
168 -560
661 731
358 73
-966 -481
944 582
722 -480
-870 11
378 496
423 428
-444 621
428 820
-280 789
143 329
-229 -999
-282 92
-891 -940
75 -646
646 -264
-746 -638
-327 -629
-550 909
-471 657
702 360
-336 967
-746 -223
489 -449
263 -545
-493 348
-883 659
-254 -507
458 -664
883 397
-170 990
-799 509
582 -615
-596 -365
537 719
784 -73
-84 782
-202 -717
-211 -349
561 -320
953 -284
-86 -785
-457 -307
406 830
-467 -25
-432 243
136 -534
668 629
151 -2
689 214
628 105
-261 -580
596 26
-720 67
721 -975
752 435
-389 -884
-1 -856
520 -877
54 3
756 763
800 -128
356 -29
797 374
-772 -327
-462 -177
-648 -357
891 411
-480 -393
89 -217
652 601
-670 -958
663 -358
-548 127
222 412
468 -996
692 277
133 -918
723 599
-176 113
-250 134
-410 880
-450 247
-880 695
334 -667
-85 -334
-16 290
-193 609
-157 -2
-65 -146
-500 17
-902 -575
