-444 -20
-560 -173
-481 -679
-99 -654
338 667
-306 -569
114 -805
-36 675
387 -157
832 -278
898 -360
9 723
399 707
522 -670
-176 -840
-360 -909
-593 320
-661 -637
-909 350
144 995
718 8
448 350
-668 -557
431 326
862 998
179 766
-871 -754
118 -294
600 -307
-122 -309
-394 718
-193 179
856 196
-197 919
-897 378
-679 255
353 59
2 -71
399 359
-243 535
-636 -425
-520 217
425 397
-466 11
853 -579
-876 -130
-850 -272
-130 -262
-215 691
-120 334
-752 -247
-685 -763
-255 525
42 -934
256 691
-140 -576
155 491
349 832
-9 557
678 -357
-729 917
-216 -504
-956 -470
770 702
150 295
405 424
359 697
541 215
417 958
-314 -417
-605 -332
-466 846
489 -671
599 -694
-6 -421
-958 -337
-705 602
-258 32
758 -868
524 -385
512 -519
-284 -803
458 -359
-277 537
-337 295
-458 26
766 -400
-185 -413
-499 -680
158 -353
-656 -159
-390 -748
-128 -903
718 574
-483 720
-754 -169
612 810
82 -639
-736 283
-539 -268
950 369
631 273
118 538
-692 585
132 70
-854 159
318 -387
669 -658
322 -152
819 821
-385 363
-286 64
-353 -440
806 723
968 -294
-48 -124
309 -332
210 -31
-579 -932
678 644
895 -910
764 -198
300 935
-939 -674
932 -440
-831 746
684 -27
526 -391
-543 -651
87 234
-942 516
-650 285
862 -470
500 131
-792 -729
-335 -959
-341 -995
328 372
744 -686
-716 -844
73 89
539 -79
745 -173
-645 -994
349 -395
-138 222
-943 -312
500 662
426 -21
677 -80
-469 160
465 362
51 -95
-702 203
24 -967
541 730
-89 449
-281 772
-31 -299
260 273
166 -699
375 843
507 914
855 525
-117 833
136 -530
946 551
-302 -353
-701 -442
-322 -813
-88 918
-293 -108
504 708
-14 -523
-991 -365
437 -336
871 917
-262 268
185 63
-785 547
40 -950
-73 614
-660 -24
1000 -391
525 900
278 -858
-714 -855
519 -722
-39 -631
-744 221
-58 459
-473 -162
-72 -3
37 -188
-924 -41
-45 -840
-151 440
289 -595
-10 -573
680 28
-60 -457
587 -152
344 -929
665 -147
657 189
557 -59
-663 566
882 -42
-734 -894
8 -929
-50 88
-587 845
740 -307
-766 784
-16 714
236 728
-787 -604
528 -473
647 714
-622 326
-567 -939
951 -651
-226 628
403 -397
562 -778
270 796
-872 992
694 682
-33 511
-168 899
-634 -425
-149 -127
-390 -890
261 -150
-380 21
32 846
659 727
-681 -904
329 -302
662 -444
692 615
7 372
-303 -873
70 84
-226 -795
-216 381
957 415
-53 -618
609 166
-996 386
-127 790
-990 -86
-956 -460
4 172
-340 645
-852 -215
-115 -883
190 708
493 40
-129 142
-665 -562
-596 403
711 392
986 741
327 -702
-349 478
508 -971
440 -308
-584 159
-210 -898
-808 -293
-734 882
-103 -772
-795 724
-691 527
-146 957
486 -312
-403 -535
-758 769
249 104
135 643
-246 293
-647 873
992 55
944 -162
618 52
629 782
-907 -236
-477 589
315 952
392 635
245 -310
873 -258
-595 675
-870 353
187 213
272 -557
-377 630
470 -382
511 -762
