-402 410
-428 -134
878 919
-60 -327
847 338
-647 628
107 -635
-256 212
-532 409
-811 372
46 -993
425 598
476 262
-988 -911
-565 -104
-129 801
747 -824
-14 478
-366 -287
441 866
407 -234
982 -340
-378 -435
-533 617
-884 -375
-233 -355
-899 784
-725 -700
-304 255
-364 -400
-204 663
163 -734
939 -320
-921 480
765 517
75 -191
-953 -517
-137 363
795 637
-203 628
-330 -81
-508 -584
-164 893
-774 75
-673 725
46 532
310 -819
175 968
-34 -75
399 11
-976 -557
-253 849
854 97
152 -81
-162 -831
374 -270
-497 -561
921 374
165 -341
114 224
232 -903
-262 326
-527 23
331 -822
-800 704
805 -812
-789 569
-956 569
977 -592
554 251
943 664
-735 -164
-364 -330
810 618
597 -178
315 -506
-912 -623
609 -622
362 433
553 693
-645 781
-778 526
-411 -853
-478 -177
-559 44
-405 549
677 627
850 -983
-707 -827
-571 847
782 -106
686 890
118 -960
154 -76
375 -998
774 668
-918 -698
-468 541
490 -401
-494 -717
-851 627
317 -487
-279 906
337 -488
-13 137
-451 -575
616 -306
835 -859
-915 -579
904 -404
-819 624
76 -769
942 953
567 -647
-236 -107
71 -222
267 562
-841 461
425 951
-98 -875
106 692
-601 -146
-659 -630
-92 -226
-501 985
751 369
-302 -280
111 455
-835 -660
-156 137
-965 403
170 -459
-45 81
380 -495
-513 -999
-685 -398
355 961
-623 -224
-132 -402
-382 -222
-514 -917
-528 -475
-587 -121
-301 254
-350 -889
24 -260
650 726
-967 391
191 -231
155 -841
-717 891
-402 781
-246 748
-193 677
-198 -53
-82 -536
298 -97
517 251
-69 935
-256 215
-542 560
132 -265
-241 -743
-165 -852
-150 -9
51 766
-412 275
-812 -355
214 153
-449 216
415 721
-994 898
-745 -242
-804 911
-550 -713
480 -553
818 237
-916 -862
-961 277
187 -256
124 -922
347 156
-837 59
-287 -71
-619 824
700 -871
236 665
189 41
-576 423
-103 381
527 -39
377 124
238 -244
-899 -745
-155 431
-891 -868
328 -330
-337 793
930 919
-741 -92
80 -303
-71 -577
282 -361
142 -905
416 429
-736 171
-591 201
17 -956
-695 -903
-91 -969
-654 -798
16 -102
850 705
-432 -508
-339 902
174 -23
-105 283
-439 924
-39 -475
717 184
825 -473
520 -621
-25 -546
-237 152
683 195
-260 234
207 359
-892 735
558 -506
955 -119
-499 816
521 353
-751 809
-429 -652
743 -408
534 -323
-846 -207
-455 -858
-588 57
359 -812
-683 585
182 -792
-977 918
-381 735
-589 295
-674 -233
710 -119
257 197
-133 -876
-327 669
560 10
476 -588
-406 98
-275 -283
-349 -545
-998 985
21 42
940 736
172 419
922 811
192 -419
412 249
506 307
-798 -829
-945 -764
-969 201
-101 749
491 -635
-490 677
711 -457
934 272
-880 88
799 -295
428 857
512 501
-625 -752
-640 -201
824 767
195 60
169 -924
-962 -774
465 -312
-770 -224
-219 -928
380 503
760 -312
-775 -991
665 375
-342 -707
212 -826
-211 253
-877 -51
-583 -159
658 626
110 443
-332 -143
-864 482
-238 -24
-586 -526
135 150
