-484 -466
656 -458
830 -137
-926 561
928 414
-451 -172
755 749
979 712
-325 739
373 -129
112 -575
578 809
842 -628
-381 582
-556 279
418 33
-403 609
-658 615
-97 96
921 630
-286 351
395 -634
939 494
759 -668
-951 96
-21 -345
-800 -523
-776 -742
111 822
134 262
326 -760
81 906
-428 165
142 -910
462 -425
952 714
-667 523
562 -772
-627 83
-965 613
-988 -450
-841 876
347 630
705 854
-934 494
-59 513
-437 445
698 -59
894 -112
53 -380
-493 -829
-594 -499
115 619
191 -594
-201 -695
546 -405
-269 -225
162 544
-991 409
-963 -734
-669 867
923 -552
992 -651
118 -667
409 708
966 216
-500 -303
-352 344
-671 728
152 -803
-543 -980
-448 88
595 -618
-529 -937
-393 219
-882 -627
785 -165
210 908
-6 -509
37 -437
-867 469
-2 116
79 873
-952 216
-265 268
-169 -191
947 -503
516 522
433 85
200 437
-1 88
-104 188
-59 -838
208 936
89 402
-667 -704
-929 -806
-97 455
120 739
787 656
460 -830
-499 232
-665 488
330 -575
-570 256
613 63
-202 -378
817 636
-168 565
918 275
814 590
-941 512
823 -916
-842 188
-925 112
997 616
411 -1
676 503
-537 339
-139 163
840 568
-964 725
866 251
-685 844
805 -558
-443 -85
-609 449
782 9
995 83
-526 -422
580 248
943 -278
-893 102
336 891
50 -367
301 596
340 79
823 -617
617 383
-659 -785
-692 734
-502 -848
-237 -55
242 184
-523 909
-757 867
108 -275
-768 -513
818 355
856 -615
-107 881
21 -429
-747 317
-24 -821
1000 1
-258 -175
548 -570
-86 -452
764 649
-661 -975
-427 -168
-433 -386
-402 -708
896 598
-141 671
-640 886
-623 -595
-902 878
-442 162
871 -641
576 -765
717 -222
651 323
756 -639
605 909
772 -222
830 -204
-987 -503
276 619
689 21
316 -207
371 -30
-728 -999
-607 -123
-544 -534
-392 -251
677 804
107 537
-305 -858
-885 812
-53 905
-232 -646
594 -914
-29 -737
-604 -639
717 77
-750 279
984 -181
-601 481
-49 -86
569 -576
-975 -439
-484 -166
-256 22
263 -872
-400 -580
366 793
581 -923
-471 861
16 835
963 -249
-745 625
-456 596
895 -349
-518 437
-429 -887
406 -720
-207 756
3 447
138 385
801 -666
-782 -623
876 229
-520 -288
-476 -431
226 779
-960 874
826 -236
418 64
122 -573
511 18
436 -328
-753 45
-721 -584
813 -620
369 -315
-463 779
811 -434
-236 832
117 -161
763 919
992 846
-313 -40
703 -767
639 477
675 -947
-764 -797
369 237
632 -933
-521 706
870 606
-891 754
-940 668
-533 56
707 -248
143 -511
198 -932
-257 824
48 -86
-459 -315
464 297
543 -685
-823 712
-869 343
122 325
-549 -621
-169 127
-662 -720
-871 -494
235 -725
1000 -500
-405 501
-533 662
376 -505
809 -792
590 751
-274 448
535 -16
906 302
-185 -843
-597 -40
179 435
611 949
-381 783
902 12
-950 404
-498 468
-869 -225
-94 226
-691 -776
455 333
-908 278
269 -713
493 549
966 566
-17 -864
416 697
164 521
441 877
919 721
