764 -332
-838 34
246 424
430 -425
-638 939
239 79
-70 -443
-192 211
-75 777
155 616
-529 -774
778 89
506 -301
-909 761
-183 -349
591 437
296 -803
-873 365
699 -714
77 -763
-526 -354
575 -245
-732 667
-741 -951
-871 -976
-420 252
820 974
270 790
-917 130
-116 759
-826 331
291 71
374 412
176 556
490 639
-942 -282
558 -417
349 -503
560 513
-4 657
-892 221
431 482
306 -158
-341 150
-565 -249
781 262
451 -924
-836 516
458 -786
-728 307
-755 233
-501 168
635 709
-942 -729
811 640
-860 235
-322 -146
-637 714
-783 961
631 279
-958 523
810 158
558 -412
14 -447
873 756
-769 884
-557 -875
609 -308
821 387
-991 -145
883 -889
146 -848
-200 -934
183 472
-687 -841
110 -963
-852 17
-168 112
-886 479
14 -195
986 629
354 175
772 -682
487 33
-95 -143
187 135
851 -379
73 -752
-999 904
-73 -872
-994 -102
84 -818
663 -196
-698 -707
-373 873
-915 -425
-688 75
-434 569
683 -60
-39 736
986 821
-118 -102
-973 300
70 -454
844 -988
-610 -205
52 454
809 -859
-987 658
816 957
543 -212
-673 -748
-220 392
64 470
-301 -933
-971 869
-585 -214
212 696
-641 941
-514 655
166 -54
-12 200
57 218
-309 -657
-132 -274
718 -239
-148 37
-846 50
690 -213
855 -165
-964 268
-520 -231
-657 707
-548 -979
77 632
-678 -300
230 -40
660 569
-425 633
-512 -561
18 209
124 -380
-57 529
-132 -763
90 196
-159 28
76 58
832 -112
182 0
-832 -733
44 -698
-901 838
-913 807
682 -34
-702 998
-836 435
-110 -698
969 6
-305 869
-910 233
-840 187
161 -503
-889 -581
27 221
-139 467
62 -794
146 -210
-932 -895
-679 -895
-226 -265
-512 -280
766 422
-659 496
-193 -676
736 181
-416 553
-119 -190
-602 -236
291 -587
904 -452
-194 4
-122 903
-813 -115
-891 390
811 644
916 -706
384 -132
80 417
453 960
919 691
869 490
-245 270
-927 -843
647 -738
-848 264
557 -899
378 729
112 801
-471 -109
501 263
-610 -943
-961 -122
424 -744
60 -968
622 460
-79 453
-747 162
659 679
-503 98
535 172
991 -983
178 643
-569 804
-923 -861
-712 -469
-406 618
56 -732
-708 43
741 747
418 -421
-715 -499
795 -4
118 504
310 -927
-567 -916
-316 -188
-713 -250
74 -853
247 514
631 186
-582 122
957 746
654 -359
971 935
-281 -747
560 570
-837 443
-627 -335
907 -798
659 946
341 435
713 804
488 -832
554 -169
861 -245
958 263
782 -636
294 981
967 583
-747 120
-894 802
834 86
-951 930
-862 51
-364 -461
706 -198
673 939
-605 651
-177 -822
445 -953
588 432
-352 9
867 -185
-710 285
-803 -621
325 -555
-202 -228
-604 -84
87 -207
933 598
-820 -573
-319 0
-36 -881
424 840
199 -300
-864 -473
-543 -230
-367 77
698 -565
804 155
181 803
792 68
39 -975
-573 235
-938 336
-741 -662
-781 -24
462 -838
-483 -430
-69 387
379 928
-904 -265
15 184
703 133
-656 -931
486 648
9 341
92 971
323 -42
142 -367
