-984 -608
-325 -145
-908 805
-547 -282
-444 -720
-382 -631
896 76
-83 825
-292 388
-971 48
865 -683
-522 574
-130 700
419 -13
-335 358
235 -644
-402 -517
714 999
356 -310
-784 732
678 1
553 920
718 -227
233 -25
200 310
-683 692
-287 337
732 -50
-744 -257
-133 622
-5 -191
-102 244
83 675
719 -300
840 975
-589 225
456 733
680 951
-715 143
462 -877
-306 -814
914 -500
-12 17
712 -138
219 -794
-261 414
-119 -9
-633 -852
307 991
949 -509
489 44
-512 613
-924 -38
949 -832
-890 -529
-985 -409
-851 230
170 508
-785 20
-320 588
403 112
133 445
-731 380
-251 -237
-424 -648
-396 978
713 -3
116 -945
-327 259
181 -714
-62 -666
-532 297
-97 -974
-203 748
-312 682
-115 -646
-480 -713
-319 466
413 793
-803 -457
-664 373
307 651
692 27
62 128
490 -818
909 -627
-361 335
-751 960
-783 188
650 -269
-573 836
-82 5
561 -768
7 954
140 -443
-760 -349
-973 -242
860 62
821 24
408 -486
-424 -366
376 -190
-11 425
881 35
-980 41
-216 -542
-757 436
917 -34
-224 -715
-971 -118
654 887
233 -598
205 361
-678 856
974 -740
-358 -251
959 -925
902 594
282 -532
287 -590
106 -816
-843 -703
532 -421
671 716
836 -289
352 629
-290 535
-372 -701
901 -491
-306 -172
-864 -577
-358 -398
966 -630
83 -751
-891 -440
470 -69
882 36
-927 178
-457 718
-175 -218
548 449
-255 84
654 -84
-941 825
766 -759
347 887
-317 -184
924 -19
244 455
-724 -251
-145 558
-464 -98
-253 671
391 -15
200 -585
-902 -686
767 -990
-126 -199
161 -697
414 -166
561 576
-720 -76
50 580
271 898
-60 844
57 165
13 -4
773 -997
405 473
-840 528
-439 312
566 -808
-947 -711
8 784
-219 450
-572 10
262 945
-160 182
-189 188
538 852
163 360
-728 130
192 -849
134 564
542 -690
963 746
118 591
123 -267
-713 -2
-15 -157
92 -364
-450 987
785 -213
791 640
-420 689
771 234
978 -348
454 350
818 772
-28 -985
-604 -672
-671 -989
836 436
-550 71
644 210
736 795
970 788
417 283
-404 -219
946 -525
830 -988
857 782
317 892
978 826
763 336
922 -132
-979 -27
-638 -83
-684 -405
716 -357
-756 175
407 -890
57 -362
715 -800
922 984
471 393
-342 692
531 -715
130 -619
-531 -497
-497 403
591 532
455 -646
-348 742
-430 253
-178 268
-384 671
450 549
983 241
184 -594
430 203
-132 344
618 -113
357 -312
536 31
934 -32
-953 -319
-992 616
-173 -143
-572 267
-158 -549
187 362
-646 75
880 -80
-791 -57
800 -298
129 -333
-841 -367
-104 210
1000 -378
293 -180
368 -231
-771 170
151 -412
-481 530
259 -760
-796 998
750 686
894 -27
-141 751
205 187
873 652
-478 -118
434 521
-664 -777
139 582
997 548
-392 -53
126 -256
-406 -315
559 -789
-807 730
467 -365
-492 -464
-275 56
258 446
892 39
-538 332
82 -613
-532 -91
-221 940
566 -841
-315 -15
436 -567
740 -38
528 -594
-241 362
-64 789
181 -287
844 -501
