-958 799
-148 603
321 160
-27 -67
-718 -345
977 -785
-972 -282
302 -28
-642 129
-3 232
88 -740
575 56
481 -759
-933 -184
742 -840
-639 337
442 -622
633 -446
-954 -832
305 326
-347 191
570 676
446 -194
405 -618
-96 -5
440 877
756 -504
-183 -774
427 42
846 -930
-57 148
106 -946
-359 -830
531 -412
864 198
25 161
982 478
308 260
864 -409
-536 290
-13 -65
20 -913
647 -305
-656 843
-750 290
-777 360
-831 718
18 -408
-825 -163
-160 681
-301 716
-800 -740
410 -72
-360 -416
-889 -502
-231 612
-728 -855
-908 97
-761 517
822 125
558 589
-486 -684
-543 589
-556 -904
392 -302
775 -747
265 151
490 -239
-953 505
751 515
-355 -961
537 -507
-307 -927
-791 111
-6 -941
-591 871
-671 987
-214 470
621 -893
-173 30
365 -57
42 -75
727 -159
-80 388
373 885
-586 -462
286 332
-537 -329
824 -728
-768 836
980 382
-438 -303
-947 626
792 -921
-364 -426
-340 -42
200 928
-104 -706
-487 -625
-390 -835
-862 -865
-655 -40
-148 -721
553 -56
-775 404
422 829
-485 605
230 -815
73 248
-480 253
984 -9
384 -343
324 388
-848 -516
624 -679
-192 818
-807 -427
126 109
511 287
-880 282
-401 -719
-134 659
-902 -917
406 -148
809 -715
-600 -976
-437 709
-6 -104
-974 -608
160 15
-253 -850
331 -165
-419 41
-46 -872
234 622
-607 -61
-88 -460
-358 -469
-49 261
-541 -728
303 -47
723 -6
-675 190
214 996
813 511
-264 -391
162 -9
-181 -17
-242 -652
778 396
-244 781
-436 161
613 -330
-540 278
1 -188
-48 -5
-426 -413
-170 540
98 26
947 -772
63 534
315 496
509 -101
-101 764
860 -92
-194 549
-577 -522
-926 -24
203 -582
-92 -140
614 -188
741 872
674 657
-435 -49
-739 41
995 333
510 354
-83 432
-582 -816
882 -807
860 -241
-234 548
441 896
994 983
-881 918
-866 515
419 -753
-837 136
-867 -218
-351 -953
-163 -510
-966 -31
-519 410
-70 51
497 666
183 875
-885 -69
386 696
-365 700
612 57
132 -698
465 -434
-246 404
-533 -717
-701 335
-221 147
371 -690
-895 -209
-511 -67
815 -210
50 764
36 785
462 557
-244 -91
-794 -652
-156 518
-239 65
-933 131
509 342
524 -304
28 -928
-516 969
-605 -422
-551 98
10 641
715 57
-191 59
-290 348
829 546
-42 -657
-428 -137
-387 -846
-103 490
948 -168
78 -143
48 -410
72 488
598 -190
-408 -779
541 -400
-860 -394
-928 686
238 -242
-965 893
385 581
61 -975
-19 -85
194 -757
423 541
942 -86
838 326
-87 -710
-818 -431
505 -676
661 478
946 845
-738 -923
-281 -132
244 -402
725 -692
-56 -924
493 170
-131 279
-628 659
312 -594
-361 206
811 -650
-913 291
-932 610
-142 -775
595 -871
373 535
-340 838
-763 -123
-983 669
735 -685
741 828
-992 340
943 942
949 -474
-219 7
-673 629
424 -539
528 -465
343 528
69 203
-542 658
611 542
170 -364
-128 -579
23 -260
-387 607
-303 991
866 -68
-428 -626
-272 584
75 25
-732 -27
-16 219
-535 -420
