781 558
61 648
280 312
75 572
671 67
-549 -748
-257 571
-130 428
448 363
975 473
860 -361
-189 -751
-204 873
422 470
648 -706
185 585
-106 -247
605 -515
-156 -155
72 36
-930 -829
-917 -649
-730 -429
-954 -784
46 454
-930 288
931 956
-903 -291
910 -998
-848 -984
-108 469
-373 982
-905 772
-586 781
-471 42
-533 -301
-126 24
-420 607
-915 -643
-75 394
-360 172
659 -396
126 973
495 389
415 126
502 488
-25 -399
-606 192
66 -217
-922 -119
-762 184
-188 335
604 -559
933 116
-399 731
-481 743
-99 201
-520 477
654 638
-997 -805
-503 -316
51 206
-450 -109
-12 368
-364 143
-681 822
-224 918
-55 -559
-490 602
-752 347
523 237
-168 372
-112 815
-804 294
-959 403
306 -772
32 -566
884 653
-335 -524
72 -764
-226 -901
219 361
-840 419
538 135
-496 5
881 -592
721 313
795 839
-342 -93
935 738
523 -303
350 794
-166 170
522 4
-128 232
-875 887
721 742
-472 -316
939 39
565 -508
708 910
530 26
-475 -82
589 -555
292 681
1000 105
-255 -520
86 -108
-240 -694
-122 587
766 259
914 -441
-74 -406
-991 -587
-984 -517
-753 489
505 760
958 -342
829 -381
-272 -777
819 259
-692 -476
-494 -550
730 158
454 -659
-971 909
904 789
-83 -169
-426 958
-523 791
971 445
-571 -217
-662 219
-928 -124
483 -545
-807 77
361 8
282 -244
866 -544
-965 453
-674 35
123 129
231 890
-660 -41
146 588
-88 990
-640 260
-24 868
94 729
-383 -335
10 133
-178 917
946 -705
101 126
-191 -376
717 -895
-652 -348
352 347
-146 -881
-651 -423
-394 109
-5 61
-748 242
804 -680
-746 -1
200 864
982 805
443 617
-441 88
65 -612
929 695
150 -903
-740 -738
-473 628
-113 118
-727 -778
921 244
37 -593
-934 100
554 373
115 -252
-697 -589
192 646
-3 -818
-454 -894
-605 -114
213 -729
-660 58
-395 554
543 -669
-151 467
321 -761
559 -310
-938 -354
-549 -518
949 951
547 -715
-515 -592
837 -374
415 -733
-920 636
-907 816
-34 190
-407 141
731 -91
-243 -132
-458 -750
-442 929
-866 -765
431 -911
596 438
606 -480
730 714
934 235
987 -883
201 -131
783 -541
-323 -958
766 -707
-221 158
-644 142
-723 -150
-650 317
406 -594
49 887
-842 -977
778 -551
-922 77
213 724
877 744
505 -10
-254 -2
759 -12
-468 -266
-40 -257
-897 786
-36 -616
-263 35
1000 -654
-760 -265
654 -324
-544 -923
-852 -888
-702 -341
-718 890
-428 749
-942 8
163 -33
810 -851
32 281
-641 536
47 -369
-602 -303
635 -964
-472 733
607 -56
-225 7
549 875
-845 110
-942 506
-462 -481
-112 -264
917 -887
-539 50
-500 -983
449 92
-665 338
108 634
963 -567
332 25
-415 -408
961 -778
-143 618
211 -641
-128 726
-683 -278
171 -197
-475 -919
708 421
361 278
438 -800
605 -839
-113 377
-395 -190
201 244
391 -348
835 -379
-680 -137
296 -803
247 728
762 644
-76 -82
499 -195
-82 826
-685 -572
-237 -988
385 -487
-501 913
658 -284
645 -527
