-386 131
253 -252
-24 -847
799 -946
-69 88
243 534
60 -408
923 -584
-935 -316
-540 714
-853 -340
-47 723
721 -32
-771 463
-507 -62
501 -62
-182 -952
-259 -589
392 -642
711 -869
-331 951
572 333
774 405
469 391
550 835
-262 681
-201 -943
-49 694
148 954
-603 -402
550 422
-159 -362
-159 687
922 -411
-165 899
-48 -747
799 -533
748 -605
275 938
-496 -185
176 -469
107 -146
-624 471
-963 -839
730 -396
-600 -180
-666 -800
554 -437
-928 727
934 328
-463 402
840 -692
-793 -254
-445 662
758 929
-793 -892
614 524
-667 -214
432 -70
315 -755
-774 -568
-725 -954
422 -311
481 -422
769 191
-527 -375
331 808
350 -722
801 75
-982 -166
941 -36
-519 215
-689 347
-120 -361
-168 -928
342 574
805 -517
-811 -606
-403 443
952 -132
922 -677
-392 744
-184 38
2 616
347 695
-874 501
591 613
-219 447
-801 -60
452 -515
-55 185
911 -816
453 -746
-357 261
4 -885
467 -636
931 -31
-972 -361
525 609
-487 -213
250 344
352 -563
-208 -35
-46 420
8 950
778 90
103 -20
-501 294
743 24
555 163
259 -112
-218 -556
416 962
685 13
-195 -420
924 815
243 705
642 882
-517 600
-674 517
844 557
-174 -788
-321 -376
767 -737
-521 -565
717 -929
-966 161
-166 -756
-292 -914
286 79
-181 -583
829 745
321 -690
498 776
965 687
822 862
538 495
-85 -899
-593 -780
413 188
527 898
-405 -646
-912 378
-472 446
-65 912
-18 273
-662 731
824 781
450 808
-267 -476
153 -169
281 228
947 785
-637 678
227 -427
632 131
420 -880
-734 -181
-429 374
-597 -483
18 18
-259 -611
-781 -118
-174 -376
-777 -33
-161 587
-510 778
888 -516
581 886
-50 -452
-831 556
761 -294
-371 590
-524 -222
222 25
620 982
-848 240
-61 -855
340 -893
446 -310
-517 -590
41 206
-405 -125
-697 -779
62 -591
789 138
-414 410
124 946
803 284
-24 18
577 646
-244 -124
-599 -152
-807 565
678 260
-499 -301
960 645
-512 -940
-232 -243
-535 522
302 525
-29 411
-342 222
570 858
-875 909
862 -108
-6 897
-335 -929
846 449
-323 -333
-710 764
614 -959
266 -134
-845 -861
275 -904
-33 -591
-488 -161
-523 873
948 -659
-939 -927
887 982
-701 675
-308 891
-521 -410
-76 -59
-214 -148
988 -623
822 698
560 -296
866 -966
939 903
469 -509
719 656
-551 -999
254 -31
-718 -78
-650 308
629 -360
502 503
70 696
-261 -737
-189 -23
574 407
521 84
-848 964
775 754
829 646
-139 -88
875 -356
-262 7
-122 -834
-736 -367
432 785
-140 -610
708 -924
-953 -741
985 -367
-577 313
443 404
-349 817
473 192
-205 -32
-211 -723
-15 731
97 365
729 287
142 -709
486 971
73 -773
407 844
-807 -804
-496 381
760 -960
-254 -897
635 856
622 432
-511 -59
-540 83
-720 884
51 298
-143 -698
-100 -223
686 -153
247 80
-458 -936
404 505
875 407
557 576
812 -873
-500 -736
-537 -40
911 -223
-930 522
544 10
814 436
908 756
-633 -629
420 -373
-779 363
515 -174
