-707 -91
902 199
581 449
253 -464
-699 -190
-201 -12
670 611
294 -393
-707 377
-411 -582
668 253
-724 -808
472 821
279 -197
-330 749
-290 -45
390 227
99 -508
-548 -244
-428 -824
446 -21
-228 418
-580 -621
611 -800
363 -453
-682 -973
54 927
-327 -96
417 -359
-701 -360
-388 560
543 884
-834 -466
921 816
-79 -854
532 219
395 511
319 -741
485 7
-272 871
-58 -241
-308 514
563 -82
346 -866
327 -786
-979 -165
910 677
826 192
-607 -781
-177 -370
-614 -724
-835 132
-287 -366
-374 -135
912 259
-447 373
106 -951
-723 -85
290 -22
441 -691
-196 513
-444 -935
-763 -982
497 596
322 -475
843 -247
-690 920
-296 -665
791 -626
-447 -487
215 -414
3 -202
225 -851
-242 979
-791 -204
9 -121
-319 274
668 474
870 598
-992 -195
-994 682
-502 -570
-13 118
-661 504
-182 -261
-794 -200
371 833
-659 286
-662 -905
314 -80
-942 341
-787 189
582 92
580 -339
256 157
-30 811
517 357
-113 -761
-74 -891
82 549
-446 696
-740 -731
913 269
665 425
825 -646
-318 -344
-195 138
635 387
971 -422
652 637
944 907
-189 -212
664 -194
-648 698
-482 -183
-344 -381
-769 898
156 -321
180 -894
-95 -183
528 632
-40 -637
557 714
-132 -256
654 839
213 -131
108 -270
677 -303
-497 -340
680 -193
-524 629
111 -322
-443 -226
802 998
-556 303
458 -533
821 -168
509 2
223 86
-609 -543
-201 563
-718 535
441 -90
-509 808
74 -425
783 867
487 -595
-477 -558
6 207
665 780
-769 -887
965 722
990 109
-88 272
-539 -678
-179 800
54 126
-230 192
-235 704
516 568
41 -464
-474 -630
411 -694
-852 19
-796 -933
838 -298
864 453
-888 -617
593 -105
-904 -979
790 -485
-38 -724
-626 567
-984 -754
863 851
-266 -241
838 209
464 650
-99 -633
940 248
-348 -120
611 -930
357 -420
412 900
583 -165
976 2
-346 922
839 611
-570 155
-602 777
-804 741
-830 -950
122 -774
-372 -337
803 230
730 -749
973 206
442 -675
17 821
-519 -446
-564 719
583 -601
504 731
686 172
202 526
-13 708
379 883
65 804
-354 -527
-391 861
871 -333
-35 167
179 -505
539 862
-186 714
-210 301
195 64
879 123
898 180
-585 947
-889 -160
-694 -548
387 -890
-149 -798
-355 70
-620 -650
425 -247
-421 885
270 296
-282 -91
656 -634
-178 -936
-40 830
-905 -399
711 -24
-174 274
962 463
443 -911
-710 496
-112 237
994 149
741 -903
860 -843
924 -892
256 -269
312 14
-571 610
-472 -741
-258 940
693 -500
938 -876
173 482
971 -69
390 718
-929 952
-45 -345
-48 -390
-532 -916
976 908
93 -263
379 -123
-878 565
-423 -69
-253 246
-400 874
265 283
218 571
-723 112
-336 173
-612 798
-284 121
-553 617
3 528
606 706
-852 416
184 655
479 158
-152 979
-637 -922
89 513
-891 940
402 -269
294 -560
580 217
78 -733
174 448
-680 -145
-284 -474
392 -548
258 -315
606 -388
377 780
-26 194
-350 136
92 -916
-131 -270
85 826
-748 920
160 745
612 372
