-142 -535
803 875
327 572
61 292
-108 455
237 485
-41 -751
-760 -949
7 -759
347 740
697 -574
-826 749
-307 975
-214 -235
179 601
-684 -178
-220 606
-192 481
262 -862
447 304
351 -894
391 433
-663 328
-453 -92
-654 300
-939 -743
891 -498
-526 727
964 258
-96 -601
760 423
403 537
271 -736
909 983
114 -757
-361 -739
-938 -589
-455 530
829 207
-911 302
839 -291
846 373
240 684
-962 -302
-430 759
-451 167
347 52
-902 825
-884 -482
405 -469
-208 251
934 279
220 -557
-846 171
836 -679
450 -88
-721 390
351 22
-228 936
674 -245
-262 789
-194 -720
877 977
-55 801
881 -541
-487 -845
-890 -417
35 39
510 -769
510 796
-893 941
16 -59
310 690
777 65
-345 467
528 719
610 541
-774 -759
166 766
760 -227
268 654
-700 251
-303 717
582 732
-464 -598
-851 -103
-513 871
-544 -882
-656 -643
-867 -38
142 -91
392 938
670 -555
936 995
-211 640
-27 334
-36 -869
436 445
844 -178
-870 988
-338 -528
-920 759
480 629
795 -275
114 -635
74 -359
-843 -948
-210 335
-498 -583
-470 760
834 812
3 -278
-648 531
593 970
918 -10
957 -226
511 -736
-676 -566
1 286
-731 718
-736 -702
-290 714
340 -810
-67 874
65 -311
-175 92
-657 775
-846 -863
696 -502
13 4
121 -203
434 -692
-165 -338
-392 167
170 497
85 3
79 21
-8 -699
-380 -287
239 443
193 996
916 268
488 -776
-557 -930
-827 76
-592 -894
840 -223
165 487
34 -225
-934 -576
122 362
990 -12
-997 -298
40 386
857 -172
399 721
-737 302
590 -514
-808 31
951 -65
712 786
-852 -262
975 -845
165 260
451 -715
-963 -188
-41 -489
70 22
-950 -76
-759 -626
240 -304
-907 858
-395 198
826 63
414 -138
-555 -356
-859 -678
716 -512
634 121
-988 -818
-880 504
-589 -406
380 -571
629 -154
722 -359
-62 202
-452 746
-935 -577
436 621
-695 -648
53 -327
-277 141
781 -637
-317 -737
-278 761
531 534
-705 356
202 137
-157 -576
314 -315
-970 -406
534 655
-255 375
-122 729
-204 481
918 576
-118 -974
-894 417
-757 335
745 -640
692 -244
982 -81
-47 -769
-769 480
-460 962
-910 -732
-553 781
-704 817
181 -5
804 -973
-916 -902
333 -292
-969 -206
-873 901
581 69
-920 -832
-287 -943
25 -404
663 -160
-215 -334
27 -776
-134 -237
558 -575
971 172
840 -587
363 -72
456 750
42 -678
-904 -84
-233 -838
-728 -577
-81 -40
-480 -552
-297 -983
626 989
-272 -816
327 -52
953 -476
597 -933
70 -443
-853 891
-752 -539
986 -245
426 456
-809 163
-994 -417
-135 163
-55 393
587 488
266 540
-720 -65
-72 11
-369 844
682 130
61 -493
-189 444
875 -891
-820 42
-562 542
639 -34
-676 -430
318 222
654 -482
408 564
25 -784
-111 -829
-872 46
-749 -400
-609 82
-460 945
-157 384
967 855
-579 957
706 -247
-272 -442
915 -575
438 220
-217 -945
952 -21
671 -866
954 -466
-368 -336
309 921
-509 728
-559 -774
630 744
12 892
-872 -273
-191 -19
308 -750
