121 -141
858 -579
496 -706
335 608
683 145
-142 -818
810 -478
52 -902
557 -307
812 497
787 237
654 797
-48 -98
-408 -31
235 -922
-274 124
-893 -698
-520 184
576 -777
-853 -732
998 372
717 -432
320 367
-907 552
-631 914
-827 -737
626 -669
711 -991
-533 -925
204 117
769 -574
111 668
-196 191
122 921
-424 -142
847 317
-197 828
570 657
-895 887
854 673
198 301
-874 -219
645 -434
-191 -389
-125 -470
205 -424
471 54
246 343
234 -100
223 -881
-820 -28
490 -562
-85 -747
834 141
-12 735
900 -825
-832 -122
-6 -537
-977 63
889 -248
6 -346
970 205
-284 222
475 -979
751 62
99 348
-219 909
-902 430
207 -927
-596 587
-371 394
155 759
87 -537
-982 731
-601 -12
348 565
819 83
-734 76
-22 51
806 -783
715 779
-662 220
972 748
294 -607
-355 -46
-889 2
-392 -878
376 587
571 379
498 -818
-327 -246
-20 -871
-253 674
992 -29
-882 -121
-175 110
-890 928
345 -875
-119 -466
670 -985
-668 87
314 -812
263 539
-975 -75
-809 -192
-753 425
585 -40
-163 149
-435 443
763 853
-847 -455
-901 -828
-61 693
-165 394
-976 -96
-652 -377
-777 463
455 -823
-645 378
-892 36
-739 -594
29 -342
282 263
-673 -756
-189 -268
385 962
-937 851
-173 355
764 12
545 -817
-271 834
842 545
637 213
308 473
771 -668
-348 822
-864 -63
990 -140
941 -309
-142 932
-758 943
757 -929
399 -430
-963 -560
-495 -365
744 604
282 -450
-444 -978
-589 -87
-320 -262
155 105
-109 -749
-272 -651
-602 501
-683 -944
-368 11
610 911
-279 -380
706 -776
997 661
-932 -313
-368 -734
-855 808
564 524
-726 931
658 20
-699 842
17 -535
-62 592
745 247
1000 915
-739 -706
-831 204
-812 -646
182 -710
752 839
-241 -414
-952 -158
-188 542
546 881
-892 66
162 978
-492 995
-910 -24
-276 -564
250 3
147 211
653 -229
759 304
-134 -653
338 -95
-496 327
-204 287
541 101
-318 -144
-639 -44
-802 711
-456 -932
785 -337
-74 -939
57 24
-126 444
474 367
553 596
-354 532
-383 -850
-10 -846
-676 27
347 33
-703 531
969 629
819 -222
955 -851
625 366
426 829
-777 115
-110 300
-839 -262
608 712
115 -891
404 443
-179 -779
467 -486
-797 -1
-711 -331
-159 159
272 564
597 604
86 298
-1000 -898
-318 324
214 436
-735 -153
-365 -433
647 -474
437 23
-434 371
-904 708
955 126
-200 -536
-658 216
-938 -292
542 16
-14 315
903 -343
850 -781
443 -702
95 -556
-854 -862
172 -474
-15 -191
-765 -487
-686 -907
-744 444
673 -875
-570 859
-603 342
969 679
-237 5
-889 769
585 -963
398 -630
-201 -275
302 652
982 821
102 588
-967 747
-824 402
-596 985
-585 -21
201 -249
42 146
-647 788
-639 672
717 -910
-2 946
-808 458
208 -934
-724 142
537 -196
-525 -240
111 -558
888 -726
-564 556
162 516
804 -579
-376 -131
-610 -72
179 -790
668 694
-122 0
-710 -809
623 -712
-270 -127
-347 119
470 845
614 -577
-74 111
872 -680
-533 492
