-845 -615
346 -141
-328 419
-309 161
974 -370
435 850
904 259
-537 8
387 -5
-543 479
-147 631
-154 482
770 920
-781 -466
-235 383
-693 758
557 746
-122 -544
861 459
-550 365
-552 -693
-893 747
698 -255
756 -161
665 910
-547 -933
709 -917
-805 355
515 -832
-409 647
179 -282
508 -877
311 -428
501 629
946 -304
54 -594
-541 -120
106 687
881 445
946 -512
-461 515
587 -331
-278 725
-281 444
-585 864
-866 -803
-707 503
-272 -642
28 -807
37 -11
663 159
511 502
-68 -147
911 904
713 -550
822 886
826 -171
-877 871
352 -410
643 786
676 -93
901 -885
-324 -231
970 -182
-183 493
-134 -584
-73 -378
-576 393
-967 693
-309 -914
635 920
-197 -399
-940 -964
736 -733
-449 852
246 -760
709 585
-402 -762
-898 -119
849 556
724 508
44 669
-520 899
705 -527
-447 581
-698 -700
626 148
-441 237
332 -273
981 154
684 820
47 -445
-223 322
-358 659
952 -731
901 481
4 -686
330 390
-627 -85
756 -261
836 40
-117 621
-598 -748
-464 15
-161 -876
493 655
214 577
711 109
-415 381
800 -874
-268 469
410 -187
-17 228
-630 -575
-748 567
388 -495
-651 965
318 688
-522 496
292 -336
-276 -652
52 195
497 815
486 836
-840 266
-871 632
972 694
822 447
600 -672
332 -892
-163 -659
-940 429
565 389
278 -709
-753 146
-588 47
-177 497
879 878
774 -902
-900 652
466 -298
-886 -976
-600 911
463 69
846 998
84 -639
-435 131
694 -577
796 356
-38 -919
486 -666
-800 366
453 -811
171 -230
-209 644
642 471
4 878
240 -759
-107 -928
-106 520
-236 307
650 -969
-535 -963
-202 -895
496 -393
152 -456
128 557
532 499
-599 440
-987 -625
-528 -23
398 904
759 -975
382 137
367 407
-324 -471
-259 -582
235 -987
-560 206
923 282
-860 -292
-316 -730
687 -474
770 885
-885 945
-495 -675
401 713
351 -590
378 -188
154 -143
-104 573
545 619
307 -545
-696 753
741 982
783 -15
704 635
-485 -992
613 82
-498 968
696 -887
130 -883
-77 509
776 969
-663 -599
246 869
862 12
-211 129
-839 471
942 353
168 235
-206 175
227 954
-355 829
-478 -290
-432 6
-388 424
-62 -405
-173 -664
-770 978
992 793
557 599
843 -512
-737 -8
65 -726
-164 352
546 -885
-417 -122
-423 -496
398 288
-474 -824
478 -205
629 190
-46 809
-283 -961
-747 -284
725 -740
-970 -155
-189 -776
-257 -571
-521 130
-403 -400
705 -592
-675 -905
669 120
504 -443
909 543
448 -759
552 -953
471 497
-227 450
57 -3
-63 -520
-98 364
894 531
204 857
628 99
80 -367
373 -20
-613 76
474 666
189 664
-721 -886
-918 839
-19 352
-306 -421
503 -898
622 338
108 -200
-282 933
-134 -637
446 -767
378 -720
-11 -698
-369 -10
952 152
-332 540
674 -411
960 -501
817 -53
250 -806
-673 -995
712 -706
230 -186
367 417
-876 -894
-695 704
-302 -976
-396 943
-688 -173
798 555
-287 -316
654 -284
264 -734
-300 -158
-606 -895
-318 842
-631 -264
-151 466
-537 839
