855 -169
961 -812
-709 936
-290 831
-238 732
852 -661
401 672
427 -891
318 738
267 -456
46 -757
763 -744
959 129
433 822
445 -967
-651 -321
-763 172
218 149
-514 571
551 -54
71 -756
-617 -30
805 -991
-900 752
71 -98
91 -288
285 172
-474 534
-563 281
-350 -445
79 -837
937 149
470 -124
790 -534
-191 21
-401 -571
159 917
-831 424
-953 719
-178 131
-456 544
518 756
-87 83
-501 -625
888 439
94 808
299 -50
-917 -956
-905 -294
-851 -548
991 -439
605 -919
461 580
-137 -217
-941 -942
-994 -941
-190 163
543 -55
403 941
114 -940
261 -739
394 195
596 582
-677 -630
166 620
-671 -985
-518 738
122 734
381 -984
-818 -526
-749 -975
192 283
301 -736
434 -344
-448 -270
975 -445
-818 521
19 760
-995 -725
387 -96
160 694
-759 138
248 72
-629 -429
570 625
-214 -177
756 132
353 -366
274 -475
-122 653
-655 -78
736 584
472 995
399 616
398 706
-5 -362
-132 988
-37 840
390 244
47 -289
-107 70
-415 923
-686 -761
256 19
90 936
-412 -959
-424 645
-744 189
939 485
-521 275
189 749
-342 -566
414 632
-406 -796
-131 465
548 -453
429 489
895 979
304 -193
428 -236
-808 409
36 703
70 -805
-477 973
-117 -869
-293 934
-436 595
656 -263
699 -853
726 403
-23 -846
-537 -685
-617 806
740 994
313 891
-765 -987
379 581
-69 972
808 -284
-480 379
-347 386
-554 -167
902 -770
405 -559
-764 814
-232 -972
-524 941
-646 270
967 -143
-269 386
994 -533
-817 91
351 136
-26 -892
-674 20
352 403
-241 618
-930 535
791 -44
-630 506
35 -17
704 118
-351 272
220 775
-487 784
-994 -496
-110 -611
871 68
-103 983
-849 -18
-151 -567
566 981
-262 7
740 -1
-295 656
-330 238
-245 -150
256 585
-548 982
441 -350
856 -812
488 -364
127 129
-150 -248
887 -476
373 104
-923 961
359 -846
-909 -555
-177 -889
-155 -428
639 -324
100 -104
-693 -299
-623 -623
-133 983
90 -15
437 -971
-235 847
-36 -12
829 -518
193 -592
-212 -544
299 -668
726 -396
-673 545
-712 319
909 535
609 190
-538 612
492 -595
-481 853
-76 -490
640 -411
208 -63
-99 771
-906 -1000
604 -484
88 347
-465 -26
-910 -501
-750 -981
262 -280
-822 -920
-796 -138
-241 723
-936 -575
770 -521
194 264
-388 112
-825 288
-414 -981
59 -423
-713 -435
297 45
670 -960
339 354
727 108
307 196
449 -45
649 6
727 195
616 -517
737 520
-368 83
117 -295
120 825
89 -835
-658 -833
-610 449
483 -300
-430 965
282 889
-876 634
-309 931
-609 -624
-512 279
573 152
9 450
498 831
-79 -269
-438 722
962 -196
433 407
321 139
-688 -930
-251 996
231 -421
538 -389
-87 -748
-250 748
-208 -800
641 -480
67 -709
-55 310
658 899
555 472
-527 199
521 -526
-199 734
665 -269
-904 -550
845 899
837 -888
-323 481
-804 -800
572 -861
326 294
-32 -690
-466 -301
-88 -242
510 520
-847 604
437 -29
-756 346
7 147
-150 -178
-803 -316
278 -107
618 114
