613 -83
63 922
442 941
310 28
-322 88
-294 -141
-193 -314
-341 -78
704 880
548 124
495 151
727 -114
801 -19
750 902
337 816
202 -690
-996 133
917 -281
-222 494
-966 100
407 -188
-126 3
-662 -950
-4 -250
968 398
131 -984
-638 721
822 -575
-517 833
702 907
-407 -248
744 -735
296 -772
-644 330
-266 798
525 -698
947 486
-512 857
431 707
471 -312
-999 -943
506 -196
-26 489
-923 307
914 526
-193 -256
-76 -744
24 347
-369 -275
459 742
-268 289
571 20
-307 917
342 421
-550 418
980 -551
841 966
207 81
-147 -711
248 -4
525 442
-199 860
49 826
-562 984
218 -628
588 -762
196 992
975 571
-886 -741
58 699
740 -455
760 542
-829 313
-367 -652
-542 68
-432 62
-196 201
736 -829
73 -248
-494 -299
161 -175
161 29
44 948
-34 644
-290 -151
-480 849
-347 640
708 -94
-149 -870
54 -543
497 585
942 -406
834 -696
-997 300
69 -342
376 181
-674 861
994 -363
350 410
-986 -753
436 -592
336 528
478 -431
-989 648
-612 -476
382 243
522 -532
-654 981
442 369
783 -256
801 -907
-631 651
-237 113
-745 -3
479 -359
-893 537
3 394
111 430
-630 622
-268 752
52 590
-525 554
609 -182
114 260
6 460
-884 -67
564 338
821 237
-868 -276
694 269
-304 -289
-929 -423
-59 -78
-445 164
396 -122
819 -749
-378 344
115 -134
81 808
510 737
-199 537
-899 536
-396 410
270 554
-664 261
541 -166
153 131
-545 822
-923 595
-125 -33
-108 -379
14 -267
-249 132
41 70
981 -470
-164 -511
-769 833
470 -38
-935 196
741 -21
231 -234
43 -18
224 -160
504 -792
-954 -735
383 -464
380 516
611 210
-461 -867
951 -960
-613 601
933 131
-171 -177
-345 587
879 -632
818 104
214 968
613 79
894 -950
466 -30
-19 551
-535 653
-429 -580
-274 -560
-653 277
789 334
-774 -837
-618 -312
-805 -869
-249 -506
870 915
-449 317
718 -931
686 991
-421 452
-579 -212
118 -198
523 -327
307 -991
681 -611
501 313
646 395
754 -731
-713 -239
947 342
-232 794
-578 -813
-751 -507
-411 886
-327 154
-736 -647
-97 -958
547 42
856 200
-361 832
-279 844
-550 -836
-646 260
-380 -623
404 -734
-425 966
-645 236
321 -868
311 257
-801 224
-974 840
-308 96
-120 982
494 -16
-957 451
372 977
926 720
64 682
-855 -231
-244 275
-352 501
-749 -476
-417 -35
310 -323
-999 887
-880 756
-343 886
-764 -460
-775 963
-11 853
-316 661
740 208
-8 768
-111 -670
344 434
293 455
-150 610
526 -179
-119 -829
318 -190
-961 -823
-806 407
909 -370
761 522
374 842
786 920
592 235
634 -587
-89 -892
-878 139
-511 187
567 -447
275 232
459 651
20 366
389 -923
604 -258
-417 759
-532 -979
-77 44
-85 -60
-962 573
244 431
789 928
-147 -968
649 345
807 631
183 -673
-414 663
2 541
284 -817
785 -550
120 348
388 11
94 -2
-486 497
134 -613
995 201
288 182
255 575
565 -420
447 -328
-310 -986
-690 807
608 604
