145 -56
118 760
847 -369
-573 741
-150 -233
247 -159
-228 200
812 611
-593 850
-872 728
889 -262
399 -721
576 217
-427 -194
305 617
406 807
224 -276
377 772
-379 307
-654 -4
759 859
563 624
335 -333
-668 -580
-350 321
839 565
859 -68
975 109
872 -458
-872 368
-46 -340
143 -220
-223 -193
317 870
627 -773
365 -34
-935 -919
55 -132
-307 49
-183 -422
-695 766
896 146
-389 -181
-709 919
521 -299
115 -25
108 -837
1 310
-619 740
-881 45
-990 422
-677 -803
116 -927
-699 -291
906 -739
-632 400
-334 -860
123 165
365 -612
37 894
-736 -722
-40 -449
546 -486
-546 843
-923 -711
132 -558
-455 -380
-858 163
175 -218
-605 885
635 -466
-416 -510
-782 -215
39 -914
-709 655
787 24
42 604
-498 220
-634 681
748 991
601 -904
634 -73
-237 -883
-182 -164
-409 -531
-894 -686
-61 -903
58 -257
469 -534
935 395
938 34
-190 625
717 931
-414 -916
409 -271
909 -865
-975 -199
738 -25
531 -754
-730 -699
-239 -80
-604 123
925 73
100 282
750 -94
344 -590
-907 -771
976 -160
-932 -653
-56 831
956 976
948 215
-117 641
910 -458
406 814
57 -965
-596 627
-531 -505
-34 -961
-347 593
-372 311
-665 19
-252 -504
-648 392
-613 282
-714 -448
-6 915
299 -395
-642 -767
-370 -434
467 312
-453 -755
-488 174
-413 -390
-746 470
-970 748
461 811
29 83
834 -394
-790 229
-987 -42
-253 -5
-433 -596
-742 607
273 905
-504 835
970 -260
432 119
-524 -47
-271 -996
224 458
379 -398
-863 -174
217 31
250 667
408 805
-926 656
-204 -345
287 573
-62 41
908 -109
-772 -29
-548 212
-449 -284
519 -171
-335 767
-546 445
-636 -595
-108 -368
-683 -109
21 470
-268 -156
-998 -984
-241 75
-387 640
241 -558
-766 -357
117 869
-930 -502
-158 599
997 931
870 -604
372 209
-644 855
671 944
-82 -447
252 -251
-681 -758
-134 332
581 -797
19 -858
-736 939
794 -141
-590 -962
-515 -43
445 925
-292 -299
-319 -176
-327 -802
568 984
980 118
180 741
-930 68
-128 -200
375 -576
-451 893
-716 -380
-139 20
-184 -826
254 546
-265 -423
540 445
-216 941
-170 319
340 220
83 -533
-20 857
-241 -174
-871 684
382 483
685 250
899 -230
-309 654
-717 -8
-508 -450
-537 592
-55 881
-157 -679
324 970
-453 -578
327 94
-138 -997
229 -635
-716 599
-287 -62
433 393
136 88
521 -698
112 535
444 -755
-878 350
-348 -903
-94 -13
325 62
364 -300
814 -487
983 393
-403 331
160 571
-740 662
529 506
-399 -44
21 422
-959 535
180 213
-252 -778
-664 828
-991 -373
942 -404
74 -505
515 -480
335 -750
478 -221
611 645
-479 886
-713 425
-965 397
784 375
14 613
-936 -561
-521 -436
-403 773
-512 -952
-242 493
188 412
331 -924
504 635
-968 -13
-104 -347
-876 210
433 -499
797 620
602 18
-376 -953
893 -173
296 782
-922 -586
279 -678
-652 722
213 159
352 -564
150 -866
214 986
-231 786
-991 856
-741 62
-986 -237
-805 -739
-646 -886
-289 -766
