985 -893
70 6
-868 136
844 -10
-78 -911
-754 444
-950 64
784 786
-605 -875
-869 388
-175 -274
503 -338
-534 87
-94 425
-730 649
504 -138
869 -736
6 732
826 -833
-108 -40
304 163
-921 657
4 -443
-375 -420
757 811
12 -792
444 -957
840 41
-426 -554
-82 200
-453 -581
190 -735
898 -473
971 -148
50 -267
638 658
-116 284
33 701
-547 -941
-788 -332
-912 485
-585 49
-606 197
-306 324
-908 -385
-343 -251
-235 84
246 -163
-554 664
-448 -826
189 404
-402 -110
247 610
2 -965
112 231
-192 -54
902 -91
-221 -375
497 107
-388 -473
943 -329
725 -227
500 702
359 -307
-520 771
762 386
-444 -170
430 970
-871 594
242 -693
441 641
714 407
-452 10
-232 -940
-405 -186
200 545
480 -900
-705 -784
197 465
-726 773
977 488
485 511
404 -758
-120 131
689 -980
-934 423
932 -314
198 222
846 -852
363 359
-185 -127
-138 9
51 524
-740 -974
1 315
373 131
766 -415
-91 -714
808 456
311 933
914 -882
-450 541
-363 -551
663 197
-440 -278
-320 -271
815 710
-599 453
424 -624
764 568
-613 -811
419 -405
-33 -899
-961 -299
573 249
699 794
691 725
-115 -20
-818 581
237 599
-184 776
175 209
-914 -574
396 187
-246 -874
762 254
258 -626
-355 -275
830 -424
790 380
370 -856
-977 0
708 -771
-528 -393
870 64
-445 -587
402 606
136 982
-577 -209
-350 187
832 -775
71 343
-692 -874
518 -71
-631 -98
777 -207
-138 428
915 -833
-479 -755
827 305
-600 506
-485 411
170 392
-7 712
573 55
-421 -137
29 -673
-370 -330
-610 434
303 200
-185 -674
205 -590
600 722
528 -801
479 573
-179 521
476 667
-291 -847
-312 -314
360 -881
665 -265
736 388
-362 -272
754 893
-133 -442
-602 740
561 -751
-51 -184
957 113
-933 864
258 882
-624 799
492 -87
800 879
588 591
-809 401
87 -977
195 -711
-688 -689
-415 -923
-528 66
-7 -591
417 -398
-283 -117
-214 232
124 -721
-360 -524
832 198
988 42
422 -234
402 360
375 757
909 -801
747 -369
-801 -451
-829 -515
881 -103
-947 -720
841 520
386 616
-278 880
-836 -258
-439 -67
-937 397
-442 704
-205 -266
954 -994
-724 -661
-745 -675
990 879
883 -689
-48 870
421 -577
-345 -247
-990 -361
-635 -880
-956 -11
333 327
995 -855
-774 -307
881 142
778 -569
-38 44
129 315
725 -770
158 -12
-691 -426
603 -500
-505 -340
874 306
-596 -780
936 -946
543 -124
695 -581
810 937
-473 -485
854 780
443 -716
-125 -119
269 525
469 661
19 -941
781 -576
-879 185
-653 -393
506 373
-992 -163
249 -244
62 980
-303 488
672 -86
-181 900
405 -621
780 -505
866 428
371 504
23 -454
590 -683
-270 299
152 369
202 -592
-694 -54
479 -722
-327 340
939 -568
-480 808
-967 423
849 -770
-920 -998
-678 -637
86 -226
-834 161
-439 -799
382 -550
197 719
842 226
-413 139
-120 -952
24 196
-355 -389
-299 410
-447 -390
326 -828
-406 -829
-941 637
-921 -590
397 692
-798 -532
-760 -640
901 371
