270 -963
-423 -542
-922 -484
-356 251
-298 980
-671 427
-143 -642
-531 -866
827 864
-229 -107
-744 292
688 -658
414 691
-11 393
854 433
223 -3
443 -862
-46 -870
-249 -611
-639 273
-300 -406
-223 951
-135 20
-905 212
-852 -48
-698 -664
138 683
-238 313
63 -803
-941 804
455 -922
963 -502
54 171
537 -609
-529 251
-388 310
506 150
-62 388
182 268
-140 -325
973 512
-423 763
-273 964
435 622
832 -757
-172 -357
-859 222
297 -775
731 -623
-903 -692
-883 -855
735 604
-621 -229
409 19
340 945
-913 -985
377 169
-514 -692
-972 51
-268 -104
12 -344
236 409
-470 -723
-101 393
-940 912
912 -855
736 -872
993 643
-731 668
-86 -822
117 852
-815 542
-487 -647
-384 -311
91 947
809 657
672 95
-181 -569
367 -272
931 -114
-171 5
426 739
640 810
106 -581
-633 -79
870 762
-310 516
-590 -604
399 -161
-302 445
-197 800
812 445
-228 847
-500 428
-211 257
943 938
715 634
70 -267
-622 318
850 271
-322 889
-860 933
774 -977
735 -616
219 -617
-977 735
-715 863
-714 -621
496 -227
892 390
-783 429
677 -456
843 -707
-544 -588
-146 -810
981 261
-876 605
334 966
600 -407
-679 -521
699 452
-70 -662
354 -16
-510 -766
304 906
-178 207
28 724
-996 479
-193 267
115 171
592 926
-269 421
-178 -687
-323 -472
535 -95
-327 -490
-438 -125
-170 -757
195 -431
-55 -459
-249 277
-651 677
-361 909
-142 -981
290 -522
892 557
-855 579
355 388
706 799
-342 43
-868 490
-407 545
38 -310
56 165
-139 441
-964 808
305 -801
282 937
-518 -97
956 -667
716 672
-471 -818
790 219
-399 -11
351 700
481 571
-508 -756
-860 -985
-379 -898
688 -516
730 334
-84 -451
500 128
-656 339
-974 617
423 -821
758 -230
-710 200
-53 928
-299 -582
-426 -468
-812 -57
-416 603
-754 51
-583 532
572 -846
-506 -984
-884 602
-101 244
-954 227
14 -349
548 902
638 -229
223 284
-660 -20
197 -919
470 871
727 277
614 -863
-313 114
-995 224
890 96
-888 447
654 53
-937 320
-395 -423
-952 194
898 802
-946 -489
-685 -126
602 301
275 894
939 -835
-116 430
512 -476
-744 -775
843 812
208 570
867 -705
217 -954
549 -605
570 770
555 241
-140 443
-979 -35
-284 969
-532 609
934 680
641 -116
217 89
-27 -453
108 -587
-471 -450
986 638
352 -10
828 -456
-521 120
507 895
640 -283
-588 762
327 577
278 -409
422 -617
749 -588
975 -148
721 -211
614 -849
623 -639
-756 -66
-729 -224
799 172
686 259
790 -428
-251 -340
938 -760
282 -485
980 -557
491 602
609 839
-598 -559
-489 -527
94 -440
-272 -215
312 832
-878 -827
-34 -180
601 -763
-938 6
-343 385
911 150
-115 109
-446 567
234 -918
883 531
-99 -739
-468 -202
-122 29
154 555
-209 296
287 -741
698 -82
-687 544
578 524
-32 -965
464 352
827 506
664 -509
767 780
126 195
472 -812
-20 -190
288 -200
623 -104
-664 -889
-248 -971
-190 973
797 554
-783 132
-14 742
744 -192
