312 -909
-412 -445
833 558
-209 -177
-382 510
-582 -270
635 -127
720 637
-965 425
-86 152
-36 -900
-91 -1
346 312
-497 681
-666 750
605 -208
826 140
70 990
-285 -934
583 -258
384 681
797 656
-252 902
203 -75
-356 485
-988 -303
-890 897
98 -784
-194 -951
210 81
117 -438
-343 121
210 -343
-146 -141
-156 -33
-508 -969
-199 -324
127 181
-67 438
499 -463
437 262
-365 314
-821 -929
-812 91
-477 -283
-449 -541
-406 -205
388 -67
-146 85
295 -453
-507 703
499 319
-934 827
585 683
247 -302
-568 386
399 -649
-78 -506
664 828
-337 8
-207 0
755 855
22 -572
-104 815
862 -536
758 -835
-377 246
-630 -283
-731 -48
-673 92
597 -55
331 130
741 -136
996 863
-992 -385
926 -876
676 789
-356 -679
-686 26
731 -941
-444 259
187 285
416 283
183 -192
309 -578
702 30
-407 -135
-783 -817
-485 866
-513 -439
484 -347
355 24
670 -500
608 842
488 -339
270 734
397 -243
-31 -626
-6 278
-901 409
-800 -316
348 -762
650 -310
-962 806
392 -380
-689 -285
7 -942
-128 26
155 92
-579 -35
-127 -977
-512 -635
-346 544
-545 240
448 -90
-353 59
330 -454
218 186
816 735
1000 -313
-214 588
-452 976
774 -74
-6 667
-313 -214
429 293
-848 -761
-918 887
-477 826
-572 -119
776 969
-257 529
-381 -911
-43 -581
708 -499
-923 329
928 -501
217 553
-953 246
-588 354
-363 893
103 -34
-65 -619
-655 -516
-951 685
-63 38
836 733
313 -339
-393 -637
962 -957
-613 -420
-107 890
518 -448
130 -805
62 376
152 632
-739 914
-135 -647
-371 -571
-370 313
-197 -317
-670 297
-930 -99
50 -535
-203 582
-497 628
568 237
6 415
757 -926
532 -722
621 -335
-136 -716
-895 -947
-724 748
-687 429
-807 -67
-337 -306
-911 689
902 -980
275 106
-696 -667
-545 49
824 -142
-886 -525
-37 -426
-329 -96
-938 -611
461 -153
170 -111
92 -913
857 -383
674 391
-511 412
-439 -598
667 603
950 -297
-912 -850
-934 294
-214 -912
914 -200
-366 -376
-959 357
740 770
572 -60
238 131
934 86
111 -601
-14 263
611 176
227 -970
-487 306
-54 237
-509 -196
956 -89
351 987
-161 115
79 -409
227 47
389 -634
-536 -165
-771 -471
-33 -579
287 169
-618 -666
601 -59
-21 361
-887 911
764 604
-423 -449
-519 -412
635 334
691 -214
-861 489
-67 -962
506 -758
158 -317
768 276
783 -735
-493 -616
-886 241
33 -789
966 271
721 580
487 830
540 -132
-530 -496
-257 -177
-189 351
-149 -260
-601 -678
-566 -379
-585 -261
-329 -130
166 -668
926 -717
356 437
1 -877
-1 -282
747 -377
897 188
789 -414
-175 643
-408 415
349 961
-506 181
815 -756
579 2
44 434
-205 -918
668 295
659 -618
-219 259
-343 742
-104 -457
924 367
49 -562
-195 589
-975 -648
-625 266
935 169
31 -689
234 -690
-810 431
675 -5
-297 -150
866 -905
-702 -747
-966 503
748 35
805 174
-484 -140
-351 525
-10 217
-558 -153
219 837
221 -366
453 287
133 758
-308 -487
214 979
