9 599
-599 -730
710 565
-251 671
-981 290
-691 -988
-933 -276
-922 220
-893 310
95 -350
469 476
-134 96
-120 41
159 390
812 957
-443 352
-414 -680
845 739
470 -647
44 -259
286 140
507 -76
-288 -348
-664 645
-53 -791
946 222
-749 378
92 816
-67 91
-382 -437
-389 373
-504 570
953 -775
-788 -673
-225 -283
-806 132
121 33
-538 -166
867 -82
880 -835
104 -335
674 -89
576 -607
285 999
-521 489
725 -990
740 -162
696 268
694 -770
-629 -756
-907 -35
939 336
366 -357
900 354
-710 226
-963 -762
-117 893
336 -423
-683 27
354 -272
63 -264
79 -558
-218 -671
-252 -115
673 -797
-490 79
-131 63
751 999
-917 181
-113 -588
895 318
282 550
930 799
-803 268
899 -955
-403 28
-398 -910
350 -960
230 662
230 -504
-70 959
-271 628
-478 -449
347 -769
291 -736
-437 -950
-937 742
159 -182
-70 -327
669 -901
-44 -383
611 365
-714 -211
763 -258
-190 5
-138 927
-606 -548
324 -835
908 -992
-386 -703
500 -18
-390 329
-622 266
-141 -738
-913 295
895 167
-544 -742
-158 -165
-692 256
702 -643
457 -802
621 -481
-624 -158
190 187
-478 -998
512 -457
323 -616
255 90
109 986
720 -38
821 -476
-706 -527
-901 393
328 -672
29 137
4 -676
985 710
262 912
-989 963
438 -894
352 -853
830 -327
-346 -845
-175 118
523 -944
-696 -598
-601 306
410 -394
-788 -821
241 -245
884 458
503 -604
-699 863
-86 88
-830 -602
-801 -504
745 844
52 511
671 -125
511 883
-661 709
-82 377
-116 312
126 189
-704 -374
-472 957
707 33
531 -438
958 -998
-581 352
-44 40
282 -128
-419 -279
801 274
373 765
-978 550
288 230
381 -78
-339 767
434 257
867 434
34 -101
567 -106
547 790
813 672
-611 -491
-253 854
385 -899
-235 680
23 -831
572 689
277 420
993 -278
-224 -353
-165 773
-172 830
-630 -226
441 516
-253 389
-484 906
-450 685
-784 651
118 -733
-407 -325
209 -364
-912 -905
395 634
90 959
-641 -636
912 345
-449 360
575 -582
-833 371
-414 39
-440 581
997 -31
724 -406
863 57
522 814
-13 -955
-85 -43
919 -223
-27 38
-641 -733
-633 -47
-473 -907
850 844
0 804
509 -496
421 604
117 -40
-535 -904
-258 690
-394 66
-495 295
263 172
-258 210
-643 -515
283 126
196 214
-326 -307
828 -934
708 681
-849 952
690 -264
553 -689
-101 -759
-461 501
-920 -540
-311 -182
-844 644
-621 447
-755 749
-95 -828
641 691
632 623
386 452
967 -219
-364 184
-795 -595
-640 -910
-33 -732
-5 242
951 238
523 -393
495 683
304 520
60 777
651 -645
97 -156
809 947
568 -409
-389 652
-945 -109
-886 -494
-137 -919
757 939
841 -206
896 -678
36 -199
-563 -331
-841 802
-373 -56
-24 478
-968 -461
-425 454
167 587
842 -638
-952 998
-286 946
-956 -193
363 560
-440 812
-160 -800
15 -737
-129 437
-812 -882
491 -457
807 -586
-660 -939
653 -86
444 -54
-640 -318
710 -642
27 515
849 -512
-527 -343
265 642
-233 -816
383 -545
