-393 -312
-745 -619
430 802
-781 368
306 846
-557 -217
-759 -344
773 -590
299 -336
-398 -542
-439 -689
-912 905
-604 -502
-804 430
124 881
-846 -76
-780 148
-507 796
-340 957
-20 -431
993 744
401 530
-443 417
628 771
-152 218
-891 495
-706 -703
981 -819
738 -335
-823 210
154 -713
281 -609
415 881
4 886
-652 -78
459 561
-469 934
645 -43
-493 916
883 -516
-517 808
939 -988
-872 626
-434 -21
-360 90
-677 -234
-136 303
927 -152
-592 -676
623 -108
409 -207
-121 -859
156 -569
-411 -306
347 -521
-702 256
-45 -256
-78 671
513 942
-773 -60
-298 -34
-355 809
-159 -158
-229 880
-226 680
-652 -617
-274 105
110 -470
-297 -506
296 -887
-809 -808
-579 322
-842 -291
603 -598
446 -662
682 836
-128 -34
-311 278
-870 197
822 736
-406 -825
-711 -549
28 470
-83 -171
586 -735
939 827
-841 -338
565 -857
-692 -825
-231 847
-40 -24
-767 372
-561 487
665 -182
-149 976
579 -951
-2 747
-99 -884
-407 -324
45 -430
-256 -655
-503 -54
-583 63
-660 871
449 -125
92 -553
828 390
-616 548
-957 841
312 507
-111 -531
-228 -858
-278 277
-751 747
-211 113
-220 67
56 507
-354 -580
-842 922
391 163
-10 -61
771 -123
-931 -394
176 539
-934 134
-147 952
252 -289
581 -400
741 -88
-68 -394
-733 -750
-276 269
-941 89
-454 -771
472 -857
-968 -899
822 -848
475 -609
751 -915
-315 -506
-28 392
-997 649
-256 206
863 326
-819 -610
-861 -274
-858 -218
-207 -356
-635 419
729 32
-422 -498
368 175
-959 -923
-872 -955
397 -320
523 -646
499 116
437 -313
-509 -944
568 -890
529 -538
-290 302
746 -650
-855 850
793 521
-81 -991
-937 513
260 822
-674 -461
-601 -288
-74 -810
-512 -13
522 238
917 -517
-555 566
-994 -275
-437 -342
849 -248
465 418
-277 -471
-885 914
407 940
-272 -453
-889 -87
-225 210
-803 364
-412 -776
-907 587
-569 666
-192 978
-268 -252
680 -95
929 -925
637 -480
-249 -96
68 -533
571 -692
959 633
-363 -101
-974 987
-84 -882
-972 50
250 196
-288 1000
156 -918
-710 -20
356 -132
620 861
-33 -656
118 -900
-531 -818
-275 280
-330 253
468 -201
-105 -673
13 280
969 -306
-560 19
408 324
-233 103
718 -527
-909 -3
-900 882
705 -90
-253 924
-824 4
-41 499
425 -802
857 -30
84 441
876 -674
-68 -24
-6 732
142 421
749 646
192 470
652 -127
127 811
211 -199
735 -974
464 676
-447 -312
941 644
744 -271
-852 879
484 -402
908 -263
-90 455
-588 335
-319 136
-800 938
-225 -913
518 508
-697 -941
186 471
-96 -10
-113 -251
-900 533
769 -705
38 701
6 -700
425 -509
-74 -87
766 271
-518 584
-678 -213
-189 -787
963 144
-322 692
-755 801
-262 400
408 650
-291 525
389 102
152 -838
-28 702
-854 -245
16 -71
777 396
-144 -652
610 121
-80 -432
271 506
-248 -206
780 -421
656 -999
462 922
634 857
67 292
737 608
501 -844
184 -136
285 970
465 478
-864 -173
869 435
-23 68
-678 -936
-607 -155
881 406
