295 744
856 808
-468 -490
-847 -854
-218 -367
-347 748
303 -620
-456 -688
785 -321
501 913
8 218
-525 828
-44 -477
773 -563
-165 -619
979 999
-47 90
-550 -138
192 -54
-208 896
793 983
979 939
875 -55
-783 434
-836 -313
-433 -157
876 -439
117 -826
-755 416
-793 719
-503 135
70 182
-252 -718
470 -975
429 444
521 280
11 -483
-599 80
240 984
487 470
-936 864
-327 76
1 -340
-375 -453
-171 637
973 44
349 17
-40 530
-406 -423
-526 994
-609 -439
18 -461
257 337
-972 969
-793 -84
36 608
305 -593
-916 -2
-242 217
973 -269
58 653
-818 -440
439 393
-715 90
739 675
156 671
-215 -267
815 330
-582 394
-247 365
-260 203
-735 -965
-836 -710
760 -825
-914 287
-380 322
55 521
124 -101
455 783
-512 -692
797 -353
825 512
450 -873
-11 111
641 460
909 555
18 123
464 404
-688 -807
-35 -834
525 -811
-451 513
285 459
626 -20
804 -43
167 -391
989 161
905 827
615 769
-870 616
-961 555
-483 -603
-560 525
-60 869
-874 373
-1 -472
-146 1000
556 427
-704 -944
-488 576
-548 -277
-58 727
426 501
-258 896
-818 765
-29 585
-622 -623
297 -856
512 366
-311 -737
-382 -139
-80 -565
-760 -39
-832 632
-874 441
399 550
893 297
-537 654
-697 -735
730 -603
-971 828
-6 491
988 -750
-42 -668
-762 -641
-936 -593
327 228
-693 608
-3 -153
822 -764
265 -850
686 306
-879 466
648 503
189 100
-860 -564
23 -18
564 -6
86 792
269 -628
805 912
-455 525
652 236
673 736
187 615
963 -134
398 217
-602 -976
-215 763
-743 -380
-70 682
-76 561
-925 370
-97 -778
466 299
-592 49
-389 -602
955 308
128 -39
-660 -209
662 230
876 -658
829 873
-837 -160
-528 199
617 -809
-393 -722
-208 -542
-761 -709
-814 817
-533 602
968 580
480 -435
-264 -837
-743 -229
984 -981
-597 -872
529 131
741 -261
449 748
377 -912
-385 -465
78 59
202 -214
-679 973
796 283
610 -804
635 348
793 -753
13 917
755 196
-483 -934
383 800
-574 -342
-608 -965
-764 918
-310 -473
681 792
857 731
435 -452
-894 515
853 249
30 687
872 869
-278 425
-47 -840
629 -504
895 65
937 -634
126 -217
163 15
-79 -390
106 -308
680 247
647 -622
650 714
-137 -307
-280 113
903 -942
610 -519
-882 822
-450 -261
-807 977
872 -572
-558 396
492 722
-566 -505
-99 -308
269 -714
-137 945
-538 995
-714 -135
-844 708
648 -222
-583 669
342 -26
-573 566
797 417
-700 -585
92 876
-597 812
11 725
-192 586
-757 -236
-416 547
645 -125
263 488
351 -189
844 337
250 883
-746 921
385 -892
-837 -964
226 -304
-979 242
-379 -425
466 -489
195 33
-687 117
-53 178
292 -745
23 -67
-233 41
-647 -942
44 437
-832 190
-957 723
-829 -912
-159 -286
119 268
958 920
-438 -988
-765 736
-679 181
294 -914
-967 -99
-347 -997
-426 -88
-72 -697
843 -77
-154 -665
81 965
93 -142
-14 -416
162 773
953 -546
-723 -7
-609 68
-238 274
-760 278
