-931 -641
567 184
642 341
437 895
650 -481
-827 156
-185 -442
-396 -591
159 384
918 698
-418 -686
539 -95
-810 1
-549 338
-754 356
-659 -768
271 871
-618 -200
-663 995
910 605
-133 -836
386 242
540 412
925 75
763 803
-472 798
22 421
968 -53
-178 525
-781 776
-711 -504
939 833
-637 130
-78 -86
-340 -792
-633 888
-537 108
491 420
694 -280
-731 889
363 193
-451 -661
206 466
-121 305
699 991
-39 595
241 -555
-531 719
374 -794
-467 -806
-279 84
-283 608
-133 -821
-362 981
899 348
374 895
443 459
-666 -656
675 157
-456 -6
818 -328
284 -144
-307 -630
-40 -164
-200 -800
718 -685
266 571
-46 335
689 -893
54 59
218 433
-886 -751
-567 -128
572 -519
616 -686
794 848
674 427
-78 -251
541 -310
5 -643
557 -318
-708 -474
-154 722
-653 177
-591 271
433 179
327 750
842 518
450 625
-806 917
168 133
553 -531
50 -349
242 190
-563 -154
-844 178
630 483
-831 131
-188 198
988 187
-594 271
-296 -960
-404 590
-917 -732
-744 -513
801 -537
-667 -375
587 -92
646 -303
-340 945
-283 -23
-600 -665
595 331
320 -815
-709 150
375 -882
819 -165
261 -488
973 69
-92 24
-843 -322
-118 21
-688 519
-491 -372
620 -707
370 170
133 993
528 332
-152 812
-602 -600
334 34
538 -268
-212 -714
-977 577
-983 -315
-663 235
-772 -952
-766 382
658 -267
741 447
953 -177
-518 -183
307 -489
511 -681
-764 719
-619 800
948 504
474 -998
-633 -808
373 -495
608 493
995 53
-724 856
628 -829
-635 -99
479 483
833 -113
303 384
868 -92
-437 -931
622 -992
862 -738
-494 638
285 -669
110 -141
-744 -624
318 -220
-573 822
227 -600
865 227
683 913
-467 -229
440 872
-29 -150
-331 77
-29 166
-255 -805
-129 -506
-536 379
835 -770
419 -424
409 -434
41 -48
-47 -394
-363 189
954 431
394 629
-95 225
453 4
702 -619
998 -462
-816 -167
-594 -170
268 -759
381 -923
-256 916
-680 -982
271 711
-459 -266
441 867
82 585
523 387
779 -75
-270 617
-79 602
882 809
-733 210
730 656
-228 311
270 -306
-722 151
318 900
-695 -812
928 -405
898 -30
656 160
331 -800
28 738
-195 -124
221 412
521 -602
-206 917
-39 30
-625 -178
-851 -995
-672 526
649 -732
-905 244
-995 -363
-775 -60
-993 -710
-512 784
-450 404
37 574
284 -360
750 450
-977 843
-245 460
-472 966
1 -882
8 -248
-984 286
596 547
142 198
116 600
418 973
-991 909
624 -789
-999 899
-737 834
-443 395
-166 -923
532 -702
587 -640
146 903
-511 -496
-328 -957
-817 822
-494 337
-93 745
71 56
-228 -968
-735 -745
-245 381
80 -458
62 730
519 999
-931 944
-802 176
-488 -587
-131 176
-427 824
602 392
-316 -584
102 117
-256 -190
-60 -63
963 -119
-73 923
-636 681
444 -241
-842 -693
-555 122
-365 909
-396 -705
-11 236
-96 -465
731 648
-685 164
182 385
989 -817
-119 247
-955 320
-450 791
465 395
-398 -772
-973 424
-9 -851
122 -740
708 -880
