410 434
974 389
812 -725
-498 652
-33 -422
-949 907
921 799
-941 -203
918 -230
-854 -700
-855 -317
-421 714
-384 -948
104 -347
366 8
206 22
586 760
-367 -220
-689 -555
712 608
-902 -592
93 -140
186 -360
331 162
-771 -882
113 308
-117 312
-850 -391
143 897
-419 -948
-905 -322
365 580
5 -957
917 547
-89 157
373 295
110 374
772 240
-310 -814
560 -147
-514 919
309 -972
-118 -264
-409 -383
40 35
-662 -209
-141 -223
-694 1
238 -906
116 -423
139 -87
-664 211
-243 -618
417 268
869 -614
230 -232
-660 550
-1 -875
67 300
909 38
-319 549
17 554
405 916
671 152
-163 -705
-184 590
106 -75
483 835
-979 930
931 696
-736 -904
-776 408
633 798
-313 261
-769 10
573 804
-724 -706
78 -480
-71 426
84 1
233 894
321 -648
-178 397
-124 -541
-287 742
-22 -480
-276 -721
291 -100
208 -996
-857 632
523 -548
-880 463
917 94
-582 -937
223 -111
430 360
-21 -252
-883 465
-23 815
-500 -977
-859 -231
-345 -917
92 -245
297 772
-818 692
-281 479
297 -642
783 781
787 -775
-844 218
271 -993
-199 889
-792 -298
88 -784
775 62
-370 -958
365 -870
21 -73
-26 128
-255 611
-810 594
-186 -845
-435 -502
289 862
-200 -687
-867 197
-190 -346
-225 -316
470 -924
649 -936
434 -740
192 -655
-481 526
687 828
-180 150
274 -172
923 -238
-462 243
-176 -388
-785 411
-780 -300
328 -853
-537 -741
293 913
409 44
642 -591
-306 -836
196 -90
894 -287
843 980
593 540
82 -159
-279 825
-299 113
-783 -131
648 772
541 -271
-945 -779
-294 -251
-306 -1
-701 -765
883 -685
-703 -851
-557 -873
-299 861
-301 -878
-227 302
639 123
593 283
-772 -867
752 -355
-203 130
-871 -929
-50 31
-106 -812
551 823
226 -56
180 891
383 942
72 -328
443 -918
-966 444
-556 19
160 -411
831 -347
443 48
-937 -610
-389 411
-658 607
715 305
2 253
-238 -745
-768 230
-374 90
-924 979
672 -864
906 344
168 859
-150 748
80 -868
256 -252
-160 126
187 503
-753 242
-431 70
192 -127
-190 -813
430 -242
749 481
-756 -134
39 122
-393 -54
-989 999
-452 -547
434 -686
-749 -883
-807 861
-342 591
238 -875
728 -906
170 -191
390 -612
747 -574
-975 378
934 133
-753 592
-864 606
627 -508
-841 690
-571 -204
-500 872
-470 -958
-996 832
69 -274
21 321
301 -318
-729 778
981 -103
-678 687
-151 385
-945 178
-439 -173
876 417
-188 -500
-800 447
983 754
619 116
-33 54
820 938
-709 -806
963 -541
-693 -354
475 18
-87 966
305 -691
-744 -597
-942 -623
-427 -49
14 381
237 -626
-436 -529
580 154
-58 742
693 -5
-592 -191
-12 -913
-161 -144
547 -542
-45 711
-304 649
275 555
49 279
271 -307
901 -569
-226 179
210 719
168 957
842 -301
-928 -432
-92 306
-227 437
903 722
663 -536
311 696
-664 -627
-782 -370
174 403
-933 -420
-608 -177
-364 -497
147 549
615 -501
833 -127
-904 954
584 398
802 590
975 -490
-214 -646
909 -412
121 -662
