355 -729
-319 31
-23 -438
-210 320
-864 196
282 -417
-657 911
591 286
165 -408
901 288
-819 10
-836 -733
670 -910
203 973
271 -833
-903 -590
267 -429
188 -2
-894 -653
800 46
885 104
439 -667
-526 -328
783 -885
-711 366
-73 576
885 362
113 -575
-492 -717
-281 -767
-161 -13
-171 809
330 321
1 -537
-583 482
-683 802
-337 694
-919 -755
-62 19
211 -189
915 587
-358 55
-305 187
-602 -945
244 127
637 6
564 579
501 -894
-909 259
719 899
540 -394
86 260
-762 957
861 -467
-393 -675
-473 -856
-738 -580
656 963
-850 -337
868 999
254 -127
724 864
288 -207
-722 84
-456 -566
-142 -436
-737 -461
500 754
784 312
970 -990
-722 616
-814 -298
-343 -882
-986 480
-501 -190
-145 712
392 -120
-435 -697
-253 600
528 824
762 -195
-122 742
38 546
626 758
-497 -419
158 555
-790 -337
323 -9
-131 -908
-310 -578
-188 884
232 956
-657 501
52 -498
-642 -452
-878 484
99 -876
-212 -370
-408 -808
725 -622
-91 516
-62 522
745 724
220 663
996 793
-289 -83
586 982
307 39
-684 277
-976 168
-351 958
-715 455
758 -742
622 -670
-661 309
945 -187
-961 -230
-55 -831
82 -584
638 855
350 187
357 575
-509 -3
160 -614
73 462
-230 -855
71 -779
-986 267
-329 -545
-83 173
644 -102
77 925
-629 -635
-306 132
-548 -695
-537 128
-429 -155
914 947
-464 -139
464 -620
-99 -748
892 -586
-615 -945
493 244
-449 -926
-551 -913
-502 426
323 781
-568 -359
97 -299
90 788
-868 756
273 84
905 727
-695 -692
-528 -552
713 892
651 -625
397 -132
366 64
-58 107
914 -330
66 343
-85 -235
700 -987
-83 -185
877 -177
-573 -689
-162 -316
595 171
350 -553
-525 564
-566 601
-171 543
-220 -773
-886 859
-889 965
994 715
-717 -213
398 -679
-529 172
-48 -519
-905 748
88 929
-575 -39
692 -376
342 -823
-367 -375
297 927
164 -617
-513 358
60 -6
118 545
824 635
701 -60
-355 935
353 854
-914 -957
981 -861
-31 753
-767 -264
-245 192
689 758
344 -108
-480 70
-969 -368
810 -534
233 -3
339 -121
51 981
377 564
-348 532
528 660
362 787
632 -250
181 723
-914 -674
-205 -934
461 406
-898 587
217 329
883 994
611 -242
500 -779
96 -369
954 710
945 -235
349 -781
-769 286
-120 561
465 260
246 6
235 -152
-314 -391
648 -760
-216 782
110 -165
134 -302
-611 237
426 518
598 -81
-624 -322
-608 -742
719 754
20 22
-224 779
-789 -775
-609 -959
-867 250
487 142
198 -458
187 53
-966 -596
15 916
-553 -365
-670 -286
190 320
82 -986
-25 -200
-637 557
732 -226
-362 428
-969 -420
-511 -455
-47 986
-751 82
733 -721
-243 -834
-209 -657
-753 713
62 -301
724 575
127 871
367 966
77 899
-530 129
-466 -738
-581 -351
-676 791
-202 799
757 475
-646 11
-833 718
-973 -215
-531 521
639 -426
337 -657
-353 -96
-26 -683
307 -330
-469 294
-694 660
845 -413
-416 -432
-193 -122
132 -571
75 429
956 734
814 -600
665 777
