220 989
145 -572
-940 -631
-226 780
-495 985
413 -376
350 -554
116 623
363 296
587 -884
163 -103
102 909
329 755
-34 -627
-135 973
17 333
-155 825
-945 -270
734 186
916 593
165 767
-329 -695
713 -241
647 -554
133 582
-801 803
-1 -347
759 -149
-427 -582
112 -308
977 -401
-212 -158
483 -367
-819 -831
707 -234
-353 -757
-340 -746
-666 -338
814 -177
480 -34
633 788
386 -431
624 577
660 -100
-960 -150
984 -63
777 -639
-655 325
-218 368
-166 -468
-679 -364
700 -747
995 858
-110 803
747 -278
-693 -550
-513 -680
639 -980
213 -448
243 442
11 671
370 840
-69 -778
-777 -997
-229 -652
705 -72
747 -744
-759 -430
332 721
705 9
519 77
158 -304
720 157
145 -913
-824 -528
301 -774
281 -817
-437 959
-51 -759
963 966
-570 -814
629 103
-933 -298
-348 1
-755 -552
880 652
-385 785
216 395
878 259
-470 -992
270 -167
-132 -541
585 945
-306 -65
362 -324
615 543
965 483
343 839
757 -875
-575 -134
-682 631
481 -290
97 808
375 802
609 -225
992 -955
36 548
-796 -394
-110 508
895 276
942 -380
342 -395
-462 409
990 -388
-784 -516
91 355
-681 -437
830 -551
223 805
23 -839
208 -749
-629 -547
-79 83
960 608
455 325
77 536
599 670
-523 -811
587 -84
441 -73
158 638
141 732
790 243
108 -139
583 61
-581 731
-937 -10
696 -970
-892 -822
-28 -10
670 -173
543 -360
989 187
-622 -619
95 938
114 -482
875 759
-916 537
-931 -945
277 -926
113 -646
-14 157
406 -306
-805 -555
102 -694
739 -145
160 921
-479 322
-269 -134
-1 922
624 -759
-935 -568
-511 -191
718 -712
26 987
-212 -44
336 145
169 930
-636 666
-703 93
485 -489
-612 906
782 291
-765 635
-178 -386
-408 -722
-772 -889
372 -232
240 -764
-887 -65
-986 462
-717 -947
959 -634
519 396
16 865
763 -338
-847 -664
585 540
919 395
-203 -211
252 234
-817 -221
495 967
666 771
42 -638
-520 514
-973 -217
25 122
-418 536
-562 365
-199 367
130 -661
277 675
-914 327
362 -740
812 -374
-413 -316
902 156
-694 -577
155 170
762 -170
-743 -208
-312 -835
-942 -23
309 -4
-90 -752
473 -398
606 -444
470 54
-751 -504
-456 -588
-832 -876
-723 -506
-241 358
220 -12
-861 -122
-127 130
659 -732
-334 -603
897 -669
897 942
850 -529
453 361
283 594
-715 -491
-860 -960
-522 -118
-301 813
117 -2
-929 840
739 -3
-329 -540
369 -144
447 88
-385 829
-655 -11
-485 -645
788 -702
-791 -77
789 -659
-260 441
784 661
-287 -488
-668 -34
508 -885
-500 -642
-255 -939
63 -494
342 -503
92 -309
493 -730
-593 -51
217 966
-177 650
766 -590
35 -898
584 -923
-389 -991
-144 523
575 154
-916 -851
683 114
44 -697
-460 -963
-894 921
575 246
155 -769
350 589
838 -612
104 -642
368 645
-753 484
-525 -550
-131 313
-168 962
-748 -559
-943 182
-610 -290
-575 534
127 185
-215 -877
432 -783
617 -13
811 59
-351 15
-954 -965
997 -912
-756 -363
-742 -968
-977 -928
