78
-49 -739
41 995
333 510
354 -83
432 -582
-816 882
-807 860
-241 -234
548 441
896 994
983 -881
918 -866
515 419
-753 -837
136 -867
-218 -351
-953 -163
-510 -966
-31 -519
410 -70
51 497
666 183
875 -579
416 -885
-69 386
696 -365
700 612
57 541
-250 132
-698 465
-434 -246
404 -533
-717 -701
335 -221
147 371
-690 -895
-209 -511
-67 815
-210 50
764 36
785 462
557 -244
-91 -794
-652 141
443 448
26 -156
518 -239
65 -933
131 509
342 512
88 524
-304 28
-928 -516
969 -605
-422 -551
98 10
641 715
57 -191
59 -290
348 -217
-17 829
546 -42
-657 -428
-137 -387
-846 -103
490 948
-168 78
-143 48
-410 72
488 598
-190 -408
-779 541
-400 -860
-394 -894
-340 -928
686 238
-242 -965
893 385
