97
659 679
-503 98
535 172
991 -983
178 643
-569 804
-923 -861
-712 -469
-406 618
56 -732
-708 43
741 747
-465 760
418 -421
-715 -499
795 -4
118 504
310 -927
-567 -916
-316 -188
-713 -250
74 -853
247 514
631 186
-582 122
957 746
654 -359
971 935
-281 -747
560 570
-837 443
-627 -335
907 -798
659 946
341 435
-806 -171
713 804
488 -832
554 -169
861 -245
958 263
782 -636
294 981
967 583
-747 120
-894 802
-616 -207
-616 -681
834 86
-951 930
-862 51
-364 -461
706 -198
673 939
-605 651
-177 -822
445 -953
588 432
-352 9
867 -185
-710 285
-803 -621
325 -555
-202 -228
-604 -84
87 -207
933 598
-820 -573
-319 0
14 -113
-36 -881
424 840
199 -300
-864 -473
-543 -230
-367 77
698 -565
804 155
181 803
792 68
39 -975
-573 235
-938 336
39 -696
-286 -992
-741 -662
-781 -24
462 -838
-483 -430
-69 387
379 928
-904 -265
15 184
-338 -540
703 133
-656 -931
486 648
