76
717 -381
686 727
-607 827
-800 160
564 -727
498 -291
-191 -584
103 -149
-718 242
-935 -308
724 -224
-845 -784
327 310
-337 -429
-565 536
-20 869
-100 3
-801 -626
927 -670
-989 821
369 -21
55 -242
-87 48
-279 -6
-704 828
707 325
-828 -88
-958 799
-148 603
321 160
-27 -67
-718 -345
977 -785
-972 -282
302 -28
-642 129
-3 232
88 -740
575 56
481 -759
-933 -184
742 -840
-639 337
442 -622
633 -446
-954 -832
305 326
-347 191
570 676
446 -194
405 -618
-96 -5
440 877
756 -504
-183 -774
427 42
846 -930
-57 148
106 -946
-359 -830
531 -412
864 198
25 161
982 478
308 260
864 -409
-536 290
-13 -65
20 -913
647 -305
-656 843
-750 290
-777 360
-831 718
18 -408
-825 -163
