100
-859 -987
658 816
957 543
-212 -673
-748 -220
392 64
470 -301
-933 -971
869 -585
-214 212
696 -641
941 -514
655 166
-54 -12
200 57
218 -309
-657 -132
-274 718
-239 -148
37 -846
50 690
-213 855
-165 -964
268 -520
-231 -657
707 -548
-979 77
632 -678
-300 230
-40 660
569 -425
633 -512
-561 18
209 124
-380 -57
529 -132
-763 90
196 -159
28 76
58 832
-112 182
0 -832
-733 44
-698 -901
838 -913
807 682
-34 -702
998 -836
435 -110
-698 969
6 -305
869 -910
233 -840
187 161
-503 -889
-581 27
221 -139
467 62
-794 146
-210 -932
-895 -679
-895 -226
-265 -512
-280 766
422 -659
496 -193
-676 736
181 -416
553 -119
-190 -602
-236 291
-587 904
-452 -194
4 -122
903 -813
-115 -891
390 811
644 916
-706 384
-132 80
417 453
960 919
691 869
490 -245
270 -927
-843 647
-738 -848
264 557
-899 378
729 112
801 -471
-109 -563
864 501
263 -610
-943 -961
-122 424
-744 60
-968 622
460 -79
453 -747
