57
-419 -652
449 773
-315 197
145 -311
-992 916
360 -456
-822 -538
215 76
345 65
-959 -388
93 -369
-951 466
-407 -206
690 -572
989 216
-440 888
-699 -403
555 949
266 -435
-475 -237
-335 -216
-911 660
839 605
-319 -523
-567 -644
165 916
430 746
-844 659
168 159
91 -882
334 -957
631 -537
166 -792
553 -757
-115 -49
633 -614
-723 -486
-269 -396
430 727
-392 478
586 -486
-336 -367
47 415
740 -496
-171 -992
-182 654
220 518
961 306
-864 788
-950 -380
835 447
156 -313
416 316
20 559
-798 -590
-96 526
-235 955
