64
-480 253
984 -9
384 -343
324 388
-848 -516
624 -679
-192 818
-807 -427
126 109
511 287
-880 282
-401 -719
-134 659
-902 -917
406 -148
809 -715
-600 -976
-437 709
-6 -104
-974 -608
160 15
-253 -850
331 -165
-419 41
-46 -872
234 622
-607 -61
-88 -460
-358 -469
-49 261
-541 -728
303 -47
723 -6
-675 190
214 996
813 511
-264 -391
162 -9
-181 -17
-242 -652
778 396
-244 781
-436 161
613 -330
-540 278
1 -188
-48 -5
-426 -413
-170 540
98 26
947 -772
63 534
315 496
509 -101
-101 764
860 -92
-194 549
-577 -522
-926 -24
203 -582
-92 -140
614 -188
741 872
674 657
