60
-728 307
-755 233
-501 168
635 709
-942 -729
811 640
-860 235
-322 -146
-637 714
-783 961
631 279
-958 523
810 158
558 -412
14 -447
873 756
-769 884
-557 -875
609 -308
821 387
-991 -145
883 -889
146 -848
-200 -934
183 472
-687 -841
110 -963
-852 17
-168 112
-886 479
14 -195
986 629
354 175
772 -682
487 33
-95 -143
187 135
851 -379
73 -752
-999 904
-73 -872
-994 -102
84 -818
663 -196
-698 -707
-373 873
-915 -425
-688 75
-434 569
683 -60
-39 736
986 821
-118 -102
-973 300
70 -454
727 573
-641 382
844 -988
-610 -205
52 454
