64
-268 399
254 316
-40 191
23 -31
-444 463
693 508
489 -964
-919 -829
-332 -718
-426 -508
-715 -129
-242 -718
163 805
-779 -253
-369 607
471 -964
-706 858
-521 -214
-743 204
938 709
554 955
979 -923
855 186
-641 -193
-103 -2
-527 750
-655 728
103 576
-126 402
583 296
902 350
824 -246
-946 -639
-53 -409
-869 714
837 -793
462 -400
753 -273
443 -187
-470 539
-396 -281
-56 -152
790 -754
-358 467
500 223
33 -407
977 -711
308 381
958 -153
617 929
-403 857
-937 458
-614 -3
-718 -785
-216 397
-467 365
345 958
-883 -807
261 -790
-112 -892
-74 -307
-849 529
385 -114
-280 915
